Name,0,1,2,3,4,5,6,7,8
mp-1038570_Cr,0.0,9.276109381814056e-08,0.03282910894616055,9.276109381814056e-08,0.0,0.03282911753434942,0.03282910894616055,0.03282911753434942,0.0
mp-1024044_Cr,0.0,2.0712519789034772e-07,6.481459325533065e-07,2.0712519789034772e-07,0.0,6.265761171445302e-07,6.481459325533065e-07,6.265761171445302e-07,0.0
mp-1030818_Cr,0.0,0.05175950933978745,0.05175950920892989,0.05175950933978745,0.0,4.283046103787393e-07,0.05175950920892989,4.283046103787393e-07,0.0
mp-1030883_Cr,0.0,0.03539471981922641,0.03539471573352344,0.03539471981922641,0.0,5.635257840153245e-07,0.03539471573352344,5.635257840153245e-07,0.0
mp-1031027_Cr,0.0,0.03418792846614402,0.03418794799203832,0.03418792846614402,0.0,5.510400085269751e-07,0.03418794799203832,5.510400085269751e-07,0.0
mp-1031245_Cr,0.0,0.04200397254830327,0.042003961683294316,0.04200397254830327,0.0,6.377647845904954e-07,0.042003961683294316,6.377647845904954e-07,0.0
mp-1031428_Cr,0.0,0.053010636204070524,0.05301060829084107,0.053010636204070524,0.0,5.065772148142873e-07,0.05301060829084107,5.065772148142873e-07,0.0
mp-1031541_Cr,0.0,0.06391158337031858,0.06391160625952896,0.06391158337031858,0.0,6.403742816665537e-07,0.06391160625952896,6.403742816665537e-07,0.0
mp-1031588_Cr,0.0,0.02713527177491976,0.027135291485906956,0.02713527177491976,0.0,5.871196713185395e-07,0.027135291485906956,5.871196713185395e-07,0.0
mp-1031616_Cr,0.0,0.02344150598546515,0.02344153400856402,0.02344150598546515,0.0,4.6661920481505105e-07,0.02344153400856402,4.6661920481505105e-07,0.0
mp-1031901_Cr,0.0,0.04365774992978203,0.04365772646368362,0.04365774992978203,0.0,4.99158546031591e-07,0.04365772646368362,4.99158546031591e-07,0.0
mp-1031936_Cr,0.0,0.05963247084793994,0.05963251121275032,0.05963247084793994,0.0,4.810570621647435e-07,0.05963251121275032,4.810570621647435e-07,0.0
mp-1031979_Cr,0.0,0.03048466921955042,0.03048471037393687,0.03048466921955042,0.0,5.519067652692294e-07,0.03048471037393687,5.519067652692294e-07,0.0
mp-1032130_Cr,0.0,0.027062530094376463,0.027062526124138127,0.027062530094376463,0.0,4.846934992394126e-07,0.027062526124138127,4.846934992394126e-07,0.0
mp-1032331_Cr,0.0,0.02078886649408675,0.02078884489113391,0.02078886649408675,0.0,4.757458498924425e-07,0.02078884489113391,4.757458498924425e-07,0.0
mp-1032507_Cr,0.0,0.02214676550417131,0.0221467646413616,0.02214676550417131,0.0,5.314282986347376e-07,0.0221467646413616,5.314282986347376e-07,0.0
mp-1032686_Cr,0.0,0.03377246158049109,0.033772499452950196,0.03377246158049109,0.0,5.74607689856296e-07,0.033772499452950196,5.74607689856296e-07,0.0
mp-1033034_Cr,0.0,0.04122618321600309,0.04122619161795852,0.04122618321600309,0.0,5.621455278461202e-07,0.04122619161795852,5.621455278461202e-07,0.0
mp-1033299_Cr,0.0,0.03951434340470361,0.03951426451445336,0.03951434340470361,0.0,4.3346083431817387e-07,0.03951426451445336,4.3346083431817387e-07,0.0
mp-1033328_Cr,0.0,0.04841037759876667,0.04841038437526323,0.04841037759876667,0.0,5.425408748440187e-07,0.04841038437526323,5.425408748440187e-07,0.0
mp-1033343_Cr,0.0,0.06228744294545138,0.06228743975875232,0.06228744294545138,0.0,5.004743809193014e-07,0.06228743975875232,5.004743809193014e-07,0.0
mp-1033361_Cr,0.0,0.0740661656491007,0.07406617072158579,0.0740661656491007,0.0,5.832735049302112e-07,0.07406617072158579,5.832735049302112e-07,0.0
mp-1033371_Cr,0.0,0.024651068239611926,0.02465100848735598,0.024651068239611926,0.0,5.47979001866286e-07,0.02465100848735598,5.47979001866286e-07,0.0
mp-1033390_Cr,0.0,0.04185860330395099,0.041858723494969045,0.04185860330395099,0.0,5.979745548231222e-07,0.041858723494969045,5.979745548231222e-07,0.0
mp-1033429_Cr,0.0,0.10207546405188123,0.10207547927220305,0.10207546405188123,0.0,4.4709061769091014e-07,0.10207547927220305,4.4709061769091014e-07,0.0
mp-1033435_Cr,0.0,0.0693142897832076,0.06931429469569067,0.0693142897832076,0.0,5.48018027339397e-07,0.06931429469569067,5.48018027339397e-07,0.0
mp-1033614_Cr,0.0,0.041070111579557055,0.041070078343617006,0.041070111579557055,0.0,5.967565301335143e-07,0.041070078343617006,5.967565301335143e-07,0.0
mp-1033791_Cr,0.0,9.304385271146979e-08,0.009035559236963614,9.304385271146979e-08,0.0,0.009035570178416804,0.009035559236963614,0.009035570178416804,0.0
mp-1033839_Cr,0.0,8.873968155341526e-08,0.037182912150360875,8.873968155341526e-08,0.0,0.03718291469705722,0.037182912150360875,0.03718291469705722,0.0
mp-1033847_Cr,0.0,9.374313309268796e-08,0.020333833347944138,9.374313309268796e-08,0.0,0.020333831726042872,0.020333833347944138,0.020333831726042872,0.0
mp-1033868_Cr,0.0,7.211074416959352e-08,0.004470037058029059,7.211074416959352e-08,0.0,0.0044700416516218556,0.004470037058029059,0.0044700416516218556,0.0
mp-1033888_Cr,0.0,9.914240267595223e-08,0.01085448252941276,9.914240267595223e-08,0.0,0.010854484162534537,0.01085448252941276,0.010854484162534537,0.0
mp-1033949_Cr,0.0,2.1088414526971175e-06,0.011704639711426183,2.1088414526971175e-06,0.0,0.011702548020403995,0.011704639711426183,0.011702548020403995,0.0
mp-1034067_Cr,0.0,1.0172703919679608e-07,0.029708601615020598,1.0172703919679608e-07,0.0,0.02970859951331136,0.029708601615020598,0.02970859951331136,0.0
mp-1034199_Cr,0.0,1.5963507860212494e-07,0.027348816806772813,1.5963507860212494e-07,0.0,0.02734881341869784,0.027348816806772813,0.02734881341869784,0.0
mp-1034353_Cr,0.0,9.627429325302528e-08,0.017175899443906757,9.627429325302528e-08,0.0,0.017175898184184062,0.017175899443906757,0.017175898184184062,0.0
mp-1034435_Cr,0.0,2.446985279435899e-07,0.02872590864784946,2.446985279435899e-07,0.0,0.028725906068957283,0.02872590864784946,0.028725906068957283,0.0
mp-1034467_Cr,0.0,7.077966669039445e-08,0.0037684629722719042,7.077966669039445e-08,0.0,0.0037684678167798622,0.0037684629722719042,0.0037684678167798622,0.0
mp-1034524_Cr,0.0,1.276913842568328e-07,0.01774996506488476,1.276913842568328e-07,0.0,0.017749951161601482,0.01774996506488476,0.017749951161601482,0.0
mp-1034594_Cr,0.0,1.5035412734829802e-07,0.024234143014112735,1.5035412734829802e-07,0.0,0.024234164332735533,0.024234143014112735,0.024234164332735533,0.0
mp-1034739_Cr,0.0,1.2993628297688847e-07,0.011515181787993095,1.2993628297688847e-07,0.0,0.01151517077156864,0.011515181787993095,0.01151517077156864,0.0
mp-1034815_Cr,0.0,1.2404651104100134e-07,0.022339123310067842,1.2404651104100134e-07,0.0,0.02233911711189318,0.022339123310067842,0.02233911711189318,0.0
mp-1035006_Cr,0.0,1.3879575763882705e-07,0.015712885363900968,1.3879575763882705e-07,0.0,0.01571289171897579,0.015712885363900968,0.01571289171897579,0.0
mp-1035311_Cr,0.0,1.0473189292366777e-07,0.014702095369555858,1.0473189292366777e-07,0.0,0.014702104371720275,0.014702095369555858,0.014702104371720275,0.0
mp-1035434_Cr,0.0,1.3557406243114097e-07,0.01839046513909636,1.3557406243114097e-07,0.0,0.01839047655569305,0.01839046513909636,0.01839047655569305,0.0
mp-1035597_Cr,0.0,9.932330376987694e-08,0.00984229324261038,9.932330376987694e-08,0.0,0.009842292927117344,0.00984229324261038,0.009842292927117344,0.0
mp-1035772_Cr,0.0,2.0313569506264844e-07,0.01281445698550577,2.0313569506264844e-07,0.0,0.012814437368020232,0.01281445698550577,0.012814437368020232,0.0
mp-1035863_Cr,0.0,1.5278530431914192e-07,0.028149225148833928,1.5278530431914192e-07,0.0,0.028149234963949134,0.028149225148833928,0.028149234963949134,0.0
mp-1035956_Cr,0.0,1.157242059934244e-07,0.02773078263229379,1.157242059934244e-07,0.0,0.02773077008948196,0.02773078263229379,0.02773077008948196,0.0
mp-1036101_Cr,0.0,1.58208438625424e-07,0.02382731803770173,1.58208438625424e-07,0.0,0.02382731489040912,0.02382731803770173,0.02382731489040912,0.0
mp-1036428_Cr,0.0,1.3124807172636194e-07,0.018322445799265744,1.3124807172636194e-07,0.0,0.01832245452506632,0.018322445799265744,0.01832245452506632,0.0
mp-1036585_Cr,0.0,1.6203643184707348e-07,0.03730537844855521,1.6203643184707348e-07,0.0,0.03730537604664442,0.03730537844855521,0.03730537604664442,0.0
mp-1036772_Cr,0.0,1.0184164888319093e-07,0.029820016464731626,1.0184164888319093e-07,0.0,0.029820030716178867,0.029820016464731626,0.029820030716178867,0.0
mp-1036879_Cr,0.0,1.5459712751576104e-07,0.017851541372651537,1.5459712751576104e-07,0.0,0.017851537028249168,0.017851541372651537,0.017851537028249168,0.0
mp-1036952_Cr,0.0,9.489954598235149e-08,0.003940136441562562,9.489954598235149e-08,0.0,0.003940113018393682,0.003940136441562562,0.003940113018393682,0.0
mp-1037254_Cr,0.0,1.5237706720208016e-07,0.045004807510560484,1.5237706720208016e-07,0.0,0.045004800761896786,0.045004807510560484,0.045004800761896786,0.0
mp-1037287_Cr,0.0,1.7696888490253206e-07,0.024594707680485665,1.7696888490253206e-07,0.0,0.02459471538498391,0.024594707680485665,0.02459471538498391,0.0
mp-1037502_Cr,0.0,2.016112599036013e-07,0.02808323167778417,2.016112599036013e-07,0.0,0.028083247628521737,0.02808323167778417,0.028083247628521737,0.0
mp-1037531_Cr,0.0,1.4892560196622835e-07,0.026036495138180352,1.4892560196622835e-07,0.0,0.026036494658569078,0.026036495138180352,0.026036494658569078,0.0
mp-1037844_Cr,0.0,2.1099222247060068e-07,0.03873733586543456,2.1099222247060068e-07,0.0,0.03873733308549525,0.03873733586543456,0.03873733308549525,0.0
mp-1037925_Cr,0.0,1.4647970671166532e-07,0.049746233307748494,1.4647970671166532e-07,0.0,0.04974623866450335,0.049746233307748494,0.04974623866450335,0.0
mp-1038042_Cr,0.0,1.404719451962262e-07,0.003858734626135205,1.404719451962262e-07,0.0,0.003858728316527772,0.003858734626135205,0.003858728316527772,0.0
mp-1038513_Cr,0.0,1.8663652924884366e-07,0.054855851198406566,1.8663652924884366e-07,0.0,0.05485583421682306,0.054855851198406566,0.05485583421682306,0.0
mp-1038542_Cr,0.0,2.2093767669716617e-07,0.045570563621498125,2.2093767669716617e-07,0.0,0.04557056010676331,0.045570563621498125,0.04557056010676331,0.0
mp-1038546_Cr,0.0,1.2495231891193093e-07,0.0778691634870057,1.2495231891193093e-07,0.0,0.07786916650474437,0.0778691634870057,0.07786916650474437,0.0
mp-1038569_Cr,0.0,2.037660470647147e-07,0.006146246443886972,2.037660470647147e-07,0.0,0.006146271235643655,0.006146246443886972,0.006146271235643655,0.0
mp-1038594_Cr,0.0,9.567638343004398e-08,0.032507477011356645,9.567638343004398e-08,0.0,0.03250749354875137,0.032507477011356645,0.03250749354875137,0.0
mp-1038639_Cr,0.0,1.001423837093873e-07,0.03915982149210837,1.001423837093873e-07,0.0,0.03915981241705236,0.03915982149210837,0.03915981241705236,0.0
mp-1038723_Cr,0.0,1.2335940882940628e-07,0.0684094088100427,1.2335940882940628e-07,0.0,0.0684094185785306,0.0684094088100427,0.0684094185785306,0.0
mp-1039633_Cr,0.0,8.629225131539315e-08,0.014923986696726446,8.629225131539315e-08,0.0,0.014923986808587399,0.014923986696726446,0.014923986808587399,0.0
mp-1039661_Cr,0.0,1.5170002399836853e-07,0.05818378620731424,1.5170002399836853e-07,0.0,0.058183791672768596,0.05818378620731424,0.058183791672768596,0.0
mp-1039737_Cr,0.0,1.5022942642169352e-07,0.023356897961701196,1.5022942642169352e-07,0.0,0.023356891520290277,0.023356897961701196,0.023356891520290277,0.0
mp-1039875_Cr,0.0,1.881537785149268e-07,0.04832308864617765,1.881537785149268e-07,0.0,0.04832309414276359,0.04832308864617765,0.04832309414276359,0.0
mp-1040079_Cr,0.0,1.5153616843620515e-07,0.013981946528508359,1.5153616843620515e-07,0.0,0.01398195647927307,0.013981946528508359,0.01398195647927307,0.0
mp-1040241_Cr,0.0,1.0086712042198238e-07,0.009529965482596194,1.0086712042198238e-07,0.0,0.00952995155525881,0.009529965482596194,0.00952995155525881,0.0
mp-1040801_Cr,0.0,0.0011141483214674225,0.0011316122281540492,0.0011141483214674225,0.0,0.0013392809233674834,0.0011316122281540492,0.0013392809233674834,0.0
mp-1040803_Cr,0.0,0.05996697085190742,0.04846661256671779,0.05996697085190742,0.0,0.0473977888045085,0.04846661256671779,0.0473977888045085,0.0
mp-1040816_Cr,0.0,0.006141349052315704,0.011130603866249766,0.006141349052315704,0.0,0.0051893008294110945,0.011130603866249766,0.0051893008294110945,0.0
mp-1040818_Cr,0.0,0.019674641163266088,0.009335937551961231,0.019674641163266088,0.0,0.01776818861151343,0.009335937551961231,0.01776818861151343,0.0
mp-1040819_Cr,0.0,0.0012045893026984501,0.0011101830332571076,0.0012045893026984501,0.0,0.0009791221362005836,0.0011101830332571076,0.0009791221362005836,0.0
mp-1040826_Cr,0.0,0.010646917363749387,0.011295575078391362,0.010646917363749387,0.0,0.009605825578258106,0.011295575078391362,0.009605825578258106,0.0
mp-1040828_Cr,0.0,0.011308623421064937,0.020488734761414287,0.011308623421064937,0.0,0.013150603446790966,0.020488734761414287,0.013150603446790966,0.0
mp-1040835_Cr,0.0,0.0005698550743842378,0.0008651217996089231,0.0005698550743842378,0.0,0.0009345160963395918,0.0008651217996089231,0.0009345160963395918,0.0
mp-1040836_Cr,0.0,0.014159853780865686,0.009437818247074172,0.014159853780865686,0.0,0.019941122349799247,0.009437818247074172,0.019941122349799247,0.0
mp-1040852_Cr,0.0,0.006068067039073693,0.007251997081834538,0.006068067039073693,0.0,0.003475416932620936,0.007251997081834538,0.003475416932620936,0.0
mp-1040853_Cr,0.0,0.00403705710646933,0.007715844039706747,0.00403705710646933,0.0,0.004304645432684445,0.007715844039706747,0.004304645432684445,0.0
mp-1040863_Cr,0.0,0.028086082404738495,0.016358565802438038,0.028086082404738495,0.0,0.016455746567135655,0.016358565802438038,0.016455746567135655,0.0
mp-1040880_Cr,0.0,0.008534344258659697,0.007535906376288113,0.008534344258659697,0.0,0.010089283311592749,0.007535906376288113,0.010089283311592749,0.0
mp-1041693_Cr,0.0,0.018559937241994864,0.03252720814160616,0.018559937241994864,0.0,0.03256259201190816,0.03252720814160616,0.03256259201190816,0.0
mp-1041713_Cr,0.0,0.022536149114944795,0.01840756423817672,0.022536149114944795,0.0,0.0302178695402885,0.01840756423817672,0.0302178695402885,0.0
mp-1042757_Cr,0.0,0.007100914911705071,0.00940039334996323,0.007100914911705071,0.0,0.010974158166186436,0.00940039334996323,0.010974158166186436,0.0
mp-1042764_Cr,0.0,0.021331227887052294,0.020262771292454913,0.021331227887052294,0.0,0.012399164298344041,0.020262771292454913,0.012399164298344041,0.0
mp-1042772_Cr,0.0,0.021032631292669392,0.02455399328413055,0.021032631292669392,0.0,0.01240571329853602,0.02455399328413055,0.01240571329853602,0.0
mp-1042787_Cr,0.0,0.01908114996871176,0.02587631477193991,0.01908114996871176,0.0,0.011009448203366757,0.02587631477193991,0.011009448203366757,0.0
mp-1043192_Cr,0.0,0.02890127423582024,0.015133981589224863,0.02890127423582024,0.0,0.039126186884985696,0.015133981589224863,0.039126186884985696,0.0
mp-1043526_Cr,0.0,2.5443562764059663e-07,0.09127318585945993,2.5443562764059663e-07,0.0,0.09127318882602088,0.09127318585945993,0.09127318882602088,0.0
mp-1043538_Cr,0.0,2.0969982115275688e-07,0.08423157166701888,2.0969982115275688e-07,0.0,0.08423158429072228,0.08423157166701888,0.08423158429072228,0.0
mp-1044071_Cr,0.0,0.04571784921472038,0.03199963517186006,0.04571784921472038,0.0,0.03281111107232777,0.03199963517186006,0.03281111107232777,0.0
mp-1044166_Cr,0.0,0.0115693542201166,0.014015335027601127,0.0115693542201166,0.0,0.006777514487735554,0.014015335027601127,0.006777514487735554,0.0
mp-1044207_Cr,0.0,0.01227996027879244,0.014367973230969205,0.01227996027879244,0.0,0.005670800890743256,0.014367973230969205,0.005670800890743256,0.0
mp-1044221_Cr,0.0,0.015050288870153881,0.009739196286241642,0.015050288870153881,0.0,0.0175040855203905,0.009739196286241642,0.0175040855203905,0.0
mp-1044358_Cr,0.0,0.014529870660698536,0.025005816464155187,0.014529870660698536,0.0,0.01604602896175067,0.025005816464155187,0.01604602896175067,0.0
mp-1044382_Cr,0.0,0.002333713564826661,0.009840925375430212,0.002333713564826661,0.0,0.01217463877418975,0.009840925375430212,0.01217463877418975,0.0
mp-1045788_Cr,0.0,0.015920918664653613,0.02376071024963736,0.015920918664653613,0.0,0.019719396116042162,0.02376071024963736,0.019719396116042162,0.0
mp-1045839_Cr,0.0,0.029016806163831583,0.020825813147062493,0.029016806163831583,0.0,0.0163266967660948,0.020825813147062493,0.0163266967660948,0.0
mp-1046112_Cr,0.0,0.02044441410108103,0.03176526023922564,0.02044441410108103,0.0,0.039365817037398006,0.03176526023922564,0.039365817037398006,0.0
mp-1046448_Cr,0.0,0.022632074717622748,0.01874112970208297,0.022632074717622748,0.0,0.019697029056375145,0.01874112970208297,0.019697029056375145,0.0
mp-1046486_Cr,0.0,0.013287261045374775,0.02191189679268178,0.013287261045374775,0.0,0.014679704936665547,0.02191189679268178,0.014679704936665547,0.0
mp-1046654_Cr,0.0,1.9063679104387035e-07,0.06270892784142934,1.9063679104387035e-07,0.0,0.06270892974327914,0.06270892784142934,0.06270892974327914,0.0
mp-1046666_Cr,0.0,0.01690613152700095,0.07036100405831558,0.01690613152700095,0.0,0.07008299824255865,0.07036100405831558,0.07008299824255865,0.0
mp-1046669_Cr,0.0,0.019459743747133856,0.05492317018773261,0.019459743747133856,0.0,0.04275399488749035,0.05492317018773261,0.04275399488749035,0.0
mp-1046839_Cr,0.0,0.01275562355007819,0.042310959259680654,0.01275562355007819,0.0,0.03801831213250869,0.042310959259680654,0.03801831213250869,0.0
mp-1046856_Cr,0.0,0.02911049076660162,0.03319882138451962,0.02911049076660162,0.0,0.03873578685514864,0.03319882138451962,0.03873578685514864,0.0
mp-1046983_Cr,0.0,0.019565033769259884,0.013860336011184386,0.019565033769259884,0.0,0.020143691728365835,0.013860336011184386,0.020143691728365835,0.0
mp-1047030_Cr,0.0,0.05439803080972112,0.03148317662913448,0.05439803080972112,0.0,0.034502156496374246,0.03148317662913448,0.034502156496374246,0.0
mp-1047059_Cr,0.0,0.010153615926794821,0.007618554304401034,0.010153615926794821,0.0,0.003094806694471154,0.007618554304401034,0.003094806694471154,0.0
mp-1047076_Cr,0.0,0.006272361934309353,0.014357770736689032,0.006272361934309353,0.0,0.0151995159627856,0.014357770736689032,0.0151995159627856,0.0
mp-1047387_Cr,0.0,0.06728836256246289,0.04355911730870653,0.06728836256246289,0.0,0.02985172521307171,0.04355911730870653,0.02985172521307171,0.0
mp-1047503_Cr,0.0,0.010506917689023482,0.025063284993161943,0.010506917689023482,0.0,0.0318202963241917,0.025063284993161943,0.0318202963241917,0.0
mp-1048332_Cr,0.0,0.026376195985882964,0.03634121549853854,0.026376195985882964,0.0,0.02053384290336409,0.03634121549853854,0.02053384290336409,0.0
mp-1048535_Cr,0.0,0.0166573600309625,0.02215610440524677,0.0166573600309625,0.0,0.01810943332835794,0.02215610440524677,0.01810943332835794,0.0
mp-1063607_Cr,0.0,0.0024614144780566163,0.029794336590233974,0.0024614144780566163,0.0,0.027339975029638103,0.029794336590233974,0.027339975029638103,0.0
mp-1076360_Cr,0.0,3.610028484824814e-07,2.5613134309792755e-07,3.610028484824814e-07,0.0,2.6942461603028117e-07,2.5613134309792755e-07,2.6942461603028117e-07,0.0
mp-1076642_Cr,0.0,3.15066797562903e-07,6.792571716329041e-07,3.15066797562903e-07,0.0,6.338004246418554e-07,6.792571716329041e-07,6.338004246418554e-07,0.0
mp-1076732_Cr,0.0,3.5130860087298423e-07,8.542625425251995e-07,3.5130860087298423e-07,0.0,9.366921246183863e-07,8.542625425251995e-07,9.366921246183863e-07,0.0
mp-1078354_Cr,0.0,0.0006379842222660863,0.0025082951577596107,0.0006379842222660863,0.0,0.0031462624285149396,0.0025082951577596107,0.0031462624285149396,0.0
mp-1079391_Cr,0.0,5.189146267043167e-07,8.870060405364458e-07,5.189146267043167e-07,0.0,5.331486975550872e-07,8.870060405364458e-07,5.331486975550872e-07,0.0
mp-1079620_Cr,0.0,0.032041976490097476,0.10246530724261058,0.032041976490097476,0.0,0.07451504779190483,0.10246530724261058,0.07451504779190483,0.0
mp-1079901_Cr,0.0,0.00974546192708728,1.0504795648328567e-05,0.00974546192708728,0.0,0.009751427878415934,1.0504795648328567e-05,0.009751427878415934,0.0
mp-1079925_Cr,0.0,1.2010999644019882e-06,9.963953038309956e-07,1.2010999644019882e-06,0.0,6.74410024201139e-07,9.963953038309956e-07,6.74410024201139e-07,0.0
mp-1080742_Cr,0.0,0.00838203500860393,0.002424295930397863,0.00838203500860393,0.0,0.010271659835778792,0.002424295930397863,0.010271659835778792,0.0
mp-1084823_Cr,0.0,0.015212892596800708,0.00854030958989049,0.015212892596800708,0.0,0.008333677649962689,0.00854030958989049,0.008333677649962689,0.0
mp-1095707_Cr,0.0,1.3153362627661784e-07,0.06999409242097646,1.3153362627661784e-07,0.0,0.06999409237616978,0.06999409242097646,0.06999409237616978,0.0
mp-1098358_Cr,0.0,1.078334609414377e-07,0.02177042133070946,1.078334609414377e-07,0.0,0.021770402911519778,0.02177042133070946,0.021770402911519778,0.0
mp-1099222_Cr,0.0,0.011394872910655583,0.08549687914884443,0.011394872910655583,0.0,0.07874467369068049,0.08549687914884443,0.07874467369068049,0.0
mp-1099262_Cr,0.0,5.608713810781582e-08,0.0981793313762451,5.608713810781582e-08,0.0,0.0981793453297116,0.0981793313762451,0.0981793453297116,0.0
mp-1101152_Cr,0.0,0.018875009015464825,0.01995059090558973,0.018875009015464825,0.0,0.026601486139050484,0.01995059090558973,0.026601486139050484,0.0
mp-1101192_Cr,0.0,0.0005360700841525842,0.011808102254021282,0.0005360700841525842,0.0,0.01169299066672284,0.011808102254021282,0.01169299066672284,0.0
mp-1101260_Cr,0.0,0.00048430577809082206,0.016957046741150093,0.00048430577809082206,0.0,0.01696086614981752,0.016957046741150093,0.01696086614981752,0.0
mp-1101282_Cr,0.0,0.0025799864724136415,0.009896611618560537,0.0025799864724136415,0.0,0.012476598022242618,0.009896611618560537,0.012476598022242618,0.0
mp-1101303_Cr,0.0,0.004482018948218441,0.018263535481246686,0.004482018948218441,0.0,0.02274555435875861,0.018263535481246686,0.02274555435875861,0.0
mp-1101304_Cr,0.0,0.00230783065626823,0.007945136847011147,0.00230783065626823,0.0,0.010252967422669805,0.007945136847011147,0.010252967422669805,0.0
mp-1101550_Cr,0.0,0.014710618689364071,0.023614733232650977,0.014710618689364071,0.0,0.018583657285491727,0.023614733232650977,0.018583657285491727,0.0
mp-1101597_Cr,0.0,0.01767239152748065,0.021008163885860482,0.01767239152748065,0.0,0.01817364351421896,0.021008163885860482,0.01817364351421896,0.0
mp-1105234_Cr,0.0,4.972606317207017e-05,0.04083903368162522,4.972606317207017e-05,0.0,0.04080188415966651,0.04083903368162522,0.04080188415966651,0.0
mp-1105257_Cr,0.0,0.020777673058688162,0.021183379247451912,0.020777673058688162,0.0,0.00040570739678567593,0.021183379247451912,0.00040570739678567593,0.0
mp-1105281_Cr,0.0,0.10641047881534592,0.08717347224349954,0.10641047881534592,0.0,0.03163202082121102,0.08717347224349954,0.03163202082121102,0.0
mp-1105306_Cr,0.0,0.0090298595264282,0.011507287151195774,0.0090298595264282,0.0,0.01164564535077153,0.011507287151195774,0.01164564535077153,0.0
mp-1105332_Cr,0.0,2.6150210051017834e-05,0.04064423040914602,2.6150210051017834e-05,0.0,0.04063201830357257,0.04064423040914602,0.04063201830357257,0.0
mp-1105344_Cr,0.0,4.5893907022655285e-07,0.04133917193145907,4.5893907022655285e-07,0.0,0.041338864271488064,0.04133917193145907,0.041338864271488064,0.0
mp-1105351_Cr,0.0,4.01962693429985e-06,0.04056002667074677,4.01962693429985e-06,0.0,0.04055957382005495,0.04056002667074677,0.04055957382005495,0.0
mp-1105510_Cr,0.0,0.010100150446936941,0.01547351591154136,0.010100150446936941,0.0,0.012646011682914564,0.01547351591154136,0.012646011682914564,0.0
mp-1105511_Cr,0.0,5.511685631394681e-06,0.040530617674983144,5.511685631394681e-06,0.0,0.04053344165960468,0.040530617674983144,0.04053344165960468,0.0
mp-1105518_Cr,0.0,0.0913390434827058,0.07452946862321445,0.0913390434827058,0.0,0.020066690279549566,0.07452946862321445,0.020066690279549566,0.0
mp-1105719_Cr,0.0,0.02498762504474663,0.04536102953066856,0.02498762504474663,0.0,0.06981692760281646,0.04536102953066856,0.06981692760281646,0.0
mp-1105987_Cr,0.0,5.347151241709652e-05,0.03988295110296468,5.347151241709652e-05,0.0,0.03983819274017104,0.03988295110296468,0.03983819274017104,0.0
mp-1106046_Cr,0.0,0.006187469738911638,0.053718714990954146,0.006187469738911638,0.0,0.0493422336174749,0.053718714990954146,0.0493422336174749,0.0
mp-1106099_Cr,0.0,0.015161290159686093,0.010653755034034556,0.015161290159686093,0.0,0.012078553752740712,0.010653755034034556,0.012078553752740712,0.0
mp-1106360_Cr,0.0,3.380650133165324e-05,0.0407454967272662,3.380650133165324e-05,0.0,0.040730410977561825,0.0407454967272662,0.040730410977561825,0.0
mp-1142841_Cr,0.0,2.717658756529067e-07,0.08957865568653568,2.717658756529067e-07,0.0,0.08957869368660253,0.08957865568653568,0.08957869368660253,0.0
mp-1143241_Cr,0.0,0.020985516364017846,0.010041413282968054,0.020985516364017846,0.0,0.01922514559802619,0.010041413282968054,0.01922514559802619,0.0
mp-1147577_Cr,0.0,1.7982830288439107e-07,4.6052689563678277e-07,1.7982830288439107e-07,0.0,4.555651172474596e-07,4.6052689563678277e-07,4.555651172474596e-07,0.0
mp-1157256_Cr,0.0,0.017735134576855507,0.018692400028334524,0.017735134576855507,0.0,0.007848157814975517,0.018692400028334524,0.007848157814975517,0.0
mp-1173174_Cr,0.0,0.026275931466751938,0.020126842738480102,0.026275931466751938,0.0,0.008623871780043573,0.020126842738480102,0.008623871780043573,0.0
mp-1173211_Cr,0.0,0.02122515391465204,0.07169503885798242,0.02122515391465204,0.0,0.0669100509912057,0.07169503885798242,0.0669100509912057,0.0
mp-1176453_Cr,0.0,0.003783653832513018,0.04313078890957926,0.003783653832513018,0.0,0.043574765955083056,0.04313078890957926,0.043574765955083056,0.0
mp-1176640_Cr,0.0,0.0049895893944487246,0.02558339414220649,0.0049895893944487246,0.0,0.028539064830738283,0.02558339414220649,0.028539064830738283,0.0
mp-1177153_Cr,0.0,0.013340208044977616,0.01859566075241005,0.013340208044977616,0.0,0.021565333447267073,0.01859566075241005,0.021565333447267073,0.0
mp-1177176_Cr,0.0,0.00848481217803293,0.021956023236510008,0.00848481217803293,0.0,0.025365922057083864,0.021956023236510008,0.025365922057083864,0.0
mp-1177394_Cr,0.0,0.007231289922874677,0.02280061402561771,0.007231289922874677,0.0,0.022790121957024484,0.02280061402561771,0.022790121957024484,0.0
mp-1177448_Cr,0.0,0.018806045475981536,0.028810631814568687,0.018806045475981536,0.0,0.038756534285008026,0.028810631814568687,0.038756534285008026,0.0
mp-1177699_Cr,0.0,0.0042884701683989605,0.019826115289571043,0.0042884701683989605,0.0,0.023272736900016903,0.019826115289571043,0.023272736900016903,0.0
mp-1178023_Cr,0.0,0.030795301687475914,0.016186736411027684,0.030795301687475914,0.0,0.02470197624315675,0.016186736411027684,0.02470197624315675,0.0
mp-1178406_Cr,0.0,0.018851784618773418,0.022079825430968956,0.018851784618773418,0.0,0.01753999321549139,0.022079825430968956,0.01753999321549139,0.0
mp-1178412_Cr,0.0,0.02446496224544398,0.029768272752662535,0.02446496224544398,0.0,0.016696143657390135,0.029768272752662535,0.016696143657390135,0.0
mp-1178419_Cr,0.0,0.015534380745649726,0.01849351608563616,0.015534380745649726,0.0,0.019552649093824207,0.01849351608563616,0.019552649093824207,0.0
mp-1178444_Cr,0.0,0.027356445602683032,0.014221186584140785,0.027356445602683032,0.0,0.014603708723267132,0.014221186584140785,0.014603708723267132,0.0
mp-1178448_Cr,0.0,0.015451095731148055,0.011505984501260877,0.015451095731148055,0.0,0.016411234774320865,0.011505984501260877,0.016411234774320865,0.0
mp-1179191_Cr,0.0,0.03582139286570449,0.10152619322014073,0.03582139286570449,0.0,0.07103048322246377,0.10152619322014073,0.07103048322246377,0.0
mp-1179805_Cr,0.0,8.519294293662591e-07,9.889557933861405e-07,8.519294293662591e-07,0.0,9.66328123564743e-07,9.889557933861405e-07,9.66328123564743e-07,0.0
mp-1180005_Cr,0.0,9.908359060655575e-07,1.014270362822176e-06,9.908359060655575e-07,0.0,8.02249939822316e-07,1.014270362822176e-06,8.02249939822316e-07,0.0
mp-1180584_Cr,0.0,0.024590348033574495,0.05308939264343667,0.024590348033574495,0.0,0.032765001176148875,0.05308939264343667,0.032765001176148875,0.0
mp-1181049_Cr,0.0,0.03728070339795416,0.037048253953873136,0.03728070339795416,0.0,0.02377605376565518,0.037048253953873136,0.02377605376565518,0.0
mp-1181711_Cr,0.0,0.030995650208270737,0.011010314667904409,0.030995650208270737,0.0,0.021252804891346545,0.011010314667904409,0.021252804891346545,0.0
mp-1181814_Cr,0.0,0.07848904351016042,0.10125958984458629,0.07848904351016042,0.0,0.024629195609378277,0.10125958984458629,0.024629195609378277,0.0
mp-1183695_Cr,0.0,2.3403278873059304e-07,2.0484828791757294e-07,2.3403278873059304e-07,0.0,1.6107951557447786e-07,2.0484828791757294e-07,1.6107951557447786e-07,0.0
mp-1183696_Cr,0.0,2.5147749438164127e-07,5.391435800638688e-07,2.5147749438164127e-07,0.0,5.346940552769229e-07,5.391435800638688e-07,5.346940552769229e-07,0.0
mp-1183712_Cr,0.0,1.393769072053177e-07,2.0477917439628834e-07,1.393769072053177e-07,0.0,1.7951633999257292e-07,2.0477917439628834e-07,1.7951633999257292e-07,0.0
mp-1185311_Cr,0.0,2.9064728995806164e-07,4.6631528132274654e-07,2.9064728995806164e-07,0.0,5.534813888801018e-07,4.6631528132274654e-07,5.534813888801018e-07,0.0
mp-1187572_Cr,0.0,1.952908921967194e-07,3.8672114900270637e-07,1.952908921967194e-07,0.0,3.996244785692194e-07,3.8672114900270637e-07,3.996244785692194e-07,0.0
mp-1187577_Cr,0.0,1.6829172437758708e-07,3.886639546598704e-07,1.6829172437758708e-07,0.0,4.1001378787715977e-07,3.886639546598704e-07,4.1001378787715977e-07,0.0
mp-1188638_Cr,0.0,0.01822714439818728,0.027872918491942778,0.01822714439818728,0.0,0.02175785676911125,0.027872918491942778,0.02175785676911125,0.0
mp-1188719_Cr,0.0,2.2737617050355005e-05,0.04102336479552391,2.2737617050355005e-05,0.0,0.041011694040728554,0.04102336479552391,0.041011694040728554,0.0
mp-1189314_Cr,0.0,0.007098141657221217,0.011695607180880101,0.007098141657221217,0.0,0.015590533053313486,0.011695607180880101,0.015590533053313486,0.0
mp-1189319_Cr,0.0,2.994737606278421e-07,0.05464520687051906,2.994737606278421e-07,0.0,0.05464520573807762,0.05464520687051906,0.05464520573807762,0.0
mp-1189585_Cr,0.0,4.0048327954211876e-05,0.04212769844780983,4.0048327954211876e-05,0.0,0.04209521029949107,0.04212769844780983,0.04209521029949107,0.0
mp-1189653_Cr,0.0,0.06854418668056952,0.04630566755438168,0.06854418668056952,0.0,0.0761279376272129,0.04630566755438168,0.0761279376272129,0.0
mp-1189915_Cr,0.0,0.0009369065624164536,0.04220507043563591,0.0009369065624164536,0.0,0.041832045800066185,0.04220507043563591,0.041832045800066185,0.0
mp-1190273_Cr,0.0,0.00012107503090075098,0.04303800058566387,0.00012107503090075098,0.0,0.04313490834843664,0.04303800058566387,0.04313490834843664,0.0
mp-1190622_Cr,0.0,0.007350699724593541,0.013006925541210117,0.007350699724593541,0.0,0.010610200328645184,0.013006925541210117,0.010610200328645184,0.0
mp-1191060_Cr,0.0,0.005421284464090345,0.0015036250472056463,0.005421284464090345,0.0,0.0069249093892392415,0.0015036250472056463,0.0069249093892392415,0.0
mp-1191127_Cr,0.0,0.010817549029224152,0.009997419770536297,0.010817549029224152,0.0,0.0022532788197337705,0.009997419770536297,0.0022532788197337705,0.0
mp-1191696_Cr,0.0,0.014824212010248795,0.01382614183362012,0.014824212010248795,0.0,0.01978376778338675,0.01382614183362012,0.01978376778338675,0.0
mp-1191764_Cr,0.0,0.08372317969469137,0.059955396561949,0.08372317969469137,0.0,0.02949894852961175,0.059955396561949,0.02949894852961175,0.0
mp-1191871_Cr,0.0,0.028962417455762893,0.03178502788021584,0.028962417455762893,0.0,0.024571936344287407,0.03178502788021584,0.024571936344287407,0.0
mp-1193329_Cr,0.0,0.009707972017744353,0.007919669502981331,0.009707972017744353,0.0,0.008305054248830776,0.007919669502981331,0.008305054248830776,0.0
mp-1194835_Cr,0.0,8.228021569456534e-05,0.07252935831512655,8.228021569456534e-05,0.0,0.07250463957745436,0.07252935831512655,0.07250463957745436,0.0
mp-1195248_Cr,0.0,0.01568446246626869,0.022914875228626404,0.01568446246626869,0.0,0.02275046455071488,0.022914875228626404,0.02275046455071488,0.0
mp-1195992_Cr,0.0,0.006819978952171756,0.03016589439429438,0.006819978952171756,0.0,0.0298869605857532,0.03016589439429438,0.0298869605857532,0.0
mp-1196749_Cr,0.0,0.03983101248430904,0.041086912653248424,0.03983101248430904,0.0,0.030532168677461096,0.041086912653248424,0.030532168677461096,0.0
mp-1196895_Cr,0.0,0.018432466210381644,0.03443907500869388,0.018432466210381644,0.0,0.027022531066431363,0.03443907500869388,0.027022531066431363,0.0
mp-1197022_Cr,0.0,0.00581746867062897,0.0076198269701660305,0.00581746867062897,0.0,0.010289595234198161,0.0076198269701660305,0.010289595234198161,0.0
mp-1197470_Cr,0.0,0.04147212546001287,0.04461301416157941,0.04147212546001287,0.0,0.0361542020326868,0.04461301416157941,0.0361542020326868,0.0
mp-1198076_Cr,0.0,0.06880585815070586,0.008064907669956193,0.06880585815070586,0.0,0.07664571539513017,0.008064907669956193,0.07664571539513017,0.0
mp-1198466_Cr,0.0,0.02539837991951983,0.026904854278322128,0.02539837991951983,0.0,0.006048677164679326,0.026904854278322128,0.006048677164679326,0.0
mp-1198661_Cr,0.0,0.0631781806198059,0.021243378392170706,0.0631781806198059,0.0,0.05950838581042417,0.021243378392170706,0.05950838581042417,0.0
mp-1199036_Cr,0.0,0.04086998341996855,0.018767682958604447,0.04086998341996855,0.0,0.032079449672812246,0.018767682958604447,0.032079449672812246,0.0
mp-1199101_Cr,0.0,0.010883109371900568,0.0075911359034180155,0.010883109371900568,0.0,0.009530772915232175,0.0075911359034180155,0.009530772915232175,0.0
mp-1199882_Cr,0.0,0.028296865342037777,0.018777954105006194,0.028296865342037777,0.0,0.0384880267609225,0.018777954105006194,0.0384880267609225,0.0
mp-1200173_Cr,0.0,0.00014868105925530683,0.0034425139176860477,0.00014868105925530683,0.0,0.0032938356004746264,0.0034425139176860477,0.0032938356004746264,0.0
mp-1200241_Cr,0.0,0.004907254198017001,0.003636220814901553,0.004907254198017001,0.0,0.008543469281328606,0.003636220814901553,0.008543469281328606,0.0
mp-1201096_Cr,0.0,0.010317930351624992,0.007786426895073598,0.010317930351624992,0.0,0.01591383166347666,0.007786426895073598,0.01591383166347666,0.0
mp-1201444_Cr,0.0,0.05108981831899943,0.04221512277402197,0.05108981831899943,0.0,0.02201987932828161,0.04221512277402197,0.02201987932828161,0.0
mp-1201768_Cr,0.0,0.02067721686028797,0.026738443902898888,0.02067721686028797,0.0,0.030097294300144854,0.026738443902898888,0.030097294300144854,0.0
mp-1201901_Cr,0.0,0.03250252619775256,0.02838606003249135,0.03250252619775256,0.0,0.004483644333357011,0.02838606003249135,0.004483644333357011,0.0
mp-1201927_Cr,0.0,0.08236785230681612,0.020854994983878515,0.08236785230681612,0.0,0.07094792625102887,0.020854994983878515,0.07094792625102887,0.0
mp-1202356_Cr,0.0,0.01708475338146999,0.017890138276714915,0.01708475338146999,0.0,0.002117919173048037,0.017890138276714915,0.002117919173048037,0.0
mp-1202654_Cr,0.0,0.0504620854428057,0.03087580756510957,0.0504620854428057,0.0,0.024335794456111164,0.03087580756510957,0.024335794456111164,0.0
mp-1203963_Cr,0.0,0.008493055415420636,0.03221207984280563,0.008493055415420636,0.0,0.02567286426528729,0.03221207984280563,0.02567286426528729,0.0
mp-1204672_Cr,0.0,0.019085480667122196,0.012818020481163131,0.019085480667122196,0.0,0.012259836812009579,0.012818020481163131,0.012259836812009579,0.0
mp-1204789_Cr,0.0,0.04193096794719999,0.04737519434147507,0.04193096794719999,0.0,0.006314384959817902,0.04737519434147507,0.006314384959817902,0.0
mp-1205485_Cr,0.0,7.425958497955332e-07,1.3761041297785263e-06,7.425958497955332e-07,0.0,7.663941448327309e-07,1.3761041297785263e-06,7.663941448327309e-07,0.0
mp-1205606_Cr,0.0,1.4834159801756018e-06,2.8675538709296814e-06,1.4834159801756018e-06,0.0,1.6675897471136317e-06,2.8675538709296814e-06,1.6675897471136317e-06,0.0
mp-1205611_Cr,0.0,5.172565970569854e-07,8.004404619436139e-07,5.172565970569854e-07,0.0,5.752178874110463e-07,8.004404619436139e-07,5.752178874110463e-07,0.0
mp-1205690_Cr,0.0,1.2471865473762632e-06,1.9620705275940053e-06,1.2471865473762632e-06,0.0,1.7937300744987244e-06,1.9620705275940053e-06,1.7937300744987244e-06,0.0
mp-1205705_Cr,0.0,2.9523910024892107e-07,4.172486859003132e-07,2.9523910024892107e-07,0.0,3.615443047871881e-07,4.172486859003132e-07,3.615443047871881e-07,0.0
mp-1205958_Cr,0.0,1.0228284005139932e-06,8.56510076744997e-07,1.0228284005139932e-06,0.0,6.012685610103416e-07,8.56510076744997e-07,6.012685610103416e-07,0.0
mp-1207648_Cr,0.0,0.016821298947751282,0.01606820750464449,0.016821298947751282,0.0,0.024303630530281194,0.01606820750464449,0.024303630530281194,0.0
mp-1207733_Cr,0.0,0.019545431278331797,0.02113402372111812,0.019545431278331797,0.0,0.011080226263788623,0.02113402372111812,0.011080226263788623,0.0
mp-1207744_Cr,0.0,0.029486845544911412,0.026749746094784276,0.029486845544911412,0.0,0.008748291710343293,0.026749746094784276,0.008748291710343293,0.0
mp-1208041_Cr,0.0,9.598315722163238e-07,0.02882378992874688,9.598315722163238e-07,0.0,0.02882402890624053,0.02882378992874688,0.02882402890624053,0.0
mp-1208423_Cr,0.0,0.018816167032160824,0.01979613008835259,0.018816167032160824,0.0,0.010812999473661553,0.01979613008835259,0.010812999473661553,0.0
mp-1208812_Cr,0.0,0.01764723230663455,0.018340477734047088,0.01764723230663455,0.0,0.011685107354672205,0.018340477734047088,0.011685107354672205,0.0
mp-1209098_Cr,0.0,6.119643388546335e-07,6.023445359052782e-07,6.119643388546335e-07,0.0,6.678906058500994e-07,6.023445359052782e-07,6.678906058500994e-07,0.0
mp-1209231_Cr,0.0,0.019110747296531935,0.01893281844900185,0.019110747296531935,0.0,0.00017796609026590578,0.01893281844900185,0.00017796609026590578,0.0
mp-1209246_Cr,0.0,0.02533118932143317,0.0003350369213663309,0.02533118932143317,0.0,0.02531827293461277,0.0003350369213663309,0.02531827293461277,0.0
mp-1209300_Cr,0.0,0.024836316202843028,0.01946962926401531,0.024836316202843028,0.0,0.0053666872219427265,0.01946962926401531,0.0053666872219427265,0.0
mp-1209736_Cr,0.0,0.009439681258900781,0.008604593645352489,0.009439681258900781,0.0,0.013385024203820517,0.008604593645352489,0.013385024203820517,0.0
mp-1210145_Cr,0.0,0.017001907421192224,0.01601833984200575,0.017001907421192224,0.0,0.012165993457099566,0.01601833984200575,0.012165993457099566,0.0
mp-1210195_Cr,0.0,0.010259378238207153,0.023617001957632555,0.010259378238207153,0.0,0.024248343637539166,0.023617001957632555,0.024248343637539166,0.0
mp-1210512_Cr,0.0,2.553350267061207e-07,2.3151811747444033e-07,2.553350267061207e-07,0.0,2.641087740261003e-07,2.3151811747444033e-07,2.641087740261003e-07,0.0
mp-1210737_Cr,0.0,0.026062451482419053,0.028555224743860526,0.026062451482419053,0.0,0.02610946241366342,0.028555224743860526,0.02610946241366342,0.0
mp-1211082_Cr,0.0,0.03439510924121092,0.03489934931700731,0.03439510924121092,0.0,0.01360723335532096,0.03489934931700731,0.01360723335532096,0.0
mp-1211219_Cr,0.0,0.040135413533449966,0.039171260430730305,0.040135413533449966,0.0,0.011169084122995172,0.039171260430730305,0.011169084122995172,0.0
mp-1211677_Cr,0.0,0.00034266594749097834,0.028612059923268717,0.00034266594749097834,0.0,0.028482091062199216,0.028612059923268717,0.028482091062199216,0.0
mp-1211715_Cr,0.0,0.022064886097839433,0.011937415568239927,0.022064886097839433,0.0,0.016062801105651912,0.011937415568239927,0.016062801105651912,0.0
mp-1211853_Cr,0.0,0.04172555122106789,0.038459687717518044,0.04172555122106789,0.0,0.020570950811800628,0.038459687717518044,0.020570950811800628,0.0
mp-1212114_Cr,0.0,0.029266230897537673,0.029727663712468006,0.029266230897537673,0.0,0.01247966603259111,0.029727663712468006,0.01247966603259111,0.0
mp-1212155_Cr,0.0,0.019299262155958157,0.020802457632551695,0.019299262155958157,0.0,0.010749751910883534,0.020802457632551695,0.010749751910883534,0.0
mp-1212488_Cr,0.0,0.01824077724122209,0.01886837806468907,0.01824077724122209,0.0,0.010633720693503367,0.01886837806468907,0.010633720693503367,0.0
mp-1212822_Cr,0.0,8.768174249948856e-07,7.093286515941849e-07,8.768174249948856e-07,0.0,9.428773188953286e-07,7.093286515941849e-07,9.428773188953286e-07,0.0
