/home/sethshj/Programs/Cr_data/13NOV24	m00	m01	m02	m10	m11	m12	m20	m21	m22
mp-1029458_Zn	0.0	0.15474342217143566	0.13957110599793318	0.15474342217143566	0.0	0.13248608660147584	0.13957110599793318	0.13248608660147584	0.0
mp-1035830_Zn	0.0	0.2747674300730443	0.13880063840381981	0.2747674300730443	0.0	0.16789909062937938	0.13880063840381981	0.16789909062937938	0.0
mp-1037502_Zn	0.0	1.0173332183303997e-05	0.0829012833999095	1.0173332183303997e-05	0.0	0.08290612106980648	0.0829012833999095	0.08290612106980648	0.0
mp-1037573_Zn	0.0	1.0090354371564255e-05	0.3925031334858431	1.0090354371564255e-05	0.0	0.3925087650105969	0.3925031334858431	0.3925087650105969	0.0
mp-1043308_Zn	0.0	0.1836690199447565	0.29286106597181577	0.1836690199447565	0.0	0.3419646656645317	0.29286106597181577	0.3419646656645317	0.0
mp-1044021_Zn	0.0	0.11490601786948058	0.08566153043001438	0.11490601786948058	0.0	0.16931118487697652	0.08566153043001438	0.16931118487697652	0.0
mp-1044221_Zn	0.0	0.058354682098873796	0.10098138450942702	0.058354682098873796	0.0	0.09061230783382687	0.10098138450942702	0.09061230783382687	0.0
mp-1044311_Zn	0.0	0.03013756005214651	0.13857819462635246	0.03013756005214651	0.0	0.11384642993958065	0.13857819462635246	0.11384642993958065	0.0
mp-1044931_Zn	0.0	0.16911345998193217	0.08921439371974824	0.16911345998193217	0.0	0.21954593577350673	0.08921439371974824	0.21954593577350673	0.0
mp-1046856_Zn	0.0	0.34877120376689913	0.14210508212819534	0.34877120376689913	0.0	0.33724452676149147	0.14210508212819534	0.33724452676149147	0.0
mp-1049220_Zn	0.0	0.12290725191607012	0.07058770819570653	0.12290725191607012	0.0	0.1387887420414039	0.07058770819570653	0.1387887420414039	0.0
mp-1049223_Zn	0.0	0.27417317525296664	0.11988217338140919	0.27417317525296664	0.0	0.24545737338233709	0.11988217338140919	0.24545737338233709	0.0
mp-1049246_Zn	0.0	0.2657123163863744	0.09079673816449162	0.2657123163863744	0.0	0.2838166936879443	0.09079673816449162	0.2838166936879443	0.0
mp-1080726_Zn	0.0	2.343233282231052e-05	0.3171312217032743	2.343233282231052e-05	0.0	0.3171313143300051	0.3171312217032743	0.3171313143300051	0.0
mp-1207569_Zn	0.0	0.06985228737661248	0.11604761942107385	0.06985228737661248	0.0	0.13911058465076123	0.11604761942107385	0.13911058465076123	0.0
mp-1245698_Zn	0.0	0.04660112410887662	0.1560436296101991	0.04660112410887662	0.0	0.1830409833107331	0.1560436296101991	0.1830409833107331	0.0
mp-1277741_Zn	0.0	0.08338670078038471	0.18626243866265585	0.08338670078038471	0.0	0.15361984567485926	0.18626243866265585	0.15361984567485926	0.0
mp-1326240_Zn	0.0	0.1609730359497741	0.08973044282849875	0.1609730359497741	0.0	0.149340068100504	0.08973044282849875	0.149340068100504	0.0
mp-1328934_Zn	0.0	0.15398082845075198	0.2626533146382486	0.15398082845075198	0.0	0.12453568116690106	0.2626533146382486	0.12453568116690106	0.0
mp-1347006_Zn	0.0	0.11562482318559708	0.20589408695298497	0.11562482318559708	0.0	0.1818350850883751	0.20589408695298497	0.1818350850883751	0.0
mp-728124_Zn	0.0	0.059579562055863906	0.13846518771362212	0.059579562055863906	0.0	0.14962306483096915	0.13846518771362212	0.14962306483096915	0.0
mp-1007974_Ni	0.0	0.1332904613275988	3.7356386705042922e-06	0.1332904613275988	0.0	0.13329332192522042	3.7356386705042922e-06	0.13329332192522042	0.0
mp-1018161_Ni	0.0	2.4828258745228885e-06	4.29399742323445e-06	2.4828258745228885e-06	0.0	4.6449166744487965e-06	4.29399742323445e-06	4.6449166744487965e-06	0.0
mp-1028345_Ni	0.0	2.2117018937824818e-06	0.03390049621910118	2.2117018937824818e-06	0.0	0.03389849011096675	0.03390049621910118	0.03389849011096675	0.0
mp-1034790_Ni	0.0	0.09239050648724387	0.10052003788432463	0.09239050648724387	0.0	0.0305159161868618	0.10052003788432463	0.0305159161868618	0.0
mp-1036879_Ni	0.0	5.738300324388604e-06	0.11339949697437253	5.738300324388604e-06	0.0	0.11339570630944366	0.11339949697437253	0.11339570630944366	0.0
mp-1044071_Ni	0.0	0.0843571002362405	0.1394856317109156	0.0843571002362405	0.0	0.1268833230783433	0.1394856317109156	0.1268833230783433	0.0
mp-1048931_Ni	0.0	0.18788964730665272	0.07128318682186088	0.18788964730665272	0.0	0.13858796796974884	0.07128318682186088	0.13858796796974884	0.0
mp-1077077_Ni	0.0	0.019478776804579795	0.09197894639557014	0.019478776804579795	0.0	0.07445063360119117	0.09197894639557014	0.07445063360119117	0.0
mp-1079966_Ni	0.0	0.09203636366494147	0.19258533038057649	0.09203636366494147	0.0	0.14205283109406025	0.19258533038057649	0.14205283109406025	0.0
mp-10885_Ni	0.0	1.7102667345930586e-06	3.3733585486994715e-06	1.7102667345930586e-06	0.0	4.839488681108931e-06	3.3733585486994715e-06	4.839488681108931e-06	0.0
mp-1101260_Ni	0.0	0.0019196239452050935	0.09005224228029249	0.0019196239452050935	0.0	0.0887226931135272	0.09005224228029249	0.0887226931135272	0.0
mp-1173211_Ni	0.0	0.38382906490245866	0.5756834472216457	0.38382906490245866	0.0	0.522079217416335	0.5756834472216457	0.522079217416335	0.0
mp-1178023_Ni	0.0	0.5953812720614461	0.4688744741291573	0.5953812720614461	0.0	0.29477808333507444	0.4688744741291573	0.29477808333507444	0.0
mp-1221891_Ni	0.0	0.0006759662560160201	0.01118732322251659	0.0006759662560160201	0.0	0.01051183824997129	0.01118732322251659	0.01051183824997129	0.0
mp-1223481_Ni	0.0	0.14072117453154462	0.10228745865867843	0.14072117453154462	0.0	0.056995366442054315	0.10228745865867843	0.056995366442054315	0.0
mp-1226279_Ni	0.0	0.0019569222400782774	0.03382942561300878	0.0019569222400782774	0.0	0.03191187198834662	0.03382942561300878	0.03191187198834662	0.0
mp-1226434_Ni	0.0	0.1596133024614079	0.08257839137863125	0.1596133024614079	0.0	0.08157847444165896	0.08257839137863125	0.08157847444165896	0.0
mp-1228914_Ni	0.0	0.08328621002251671	0.03982605226805505	0.08328621002251671	0.0	0.0486121564670916	0.03982605226805505	0.0486121564670916	0.0
mp-1245402_Ni	0.0	0.4839125630385194	0.27813891735806917	0.4839125630385194	0.0	0.3038809831476457	0.27813891735806917	0.3038809831476457	0.0
mp-1881105_Ni	0.0	0.29426292945340954	0.22782579652711762	0.29426292945340954	0.0	0.19669652047296304	0.22782579652711762	0.19669652047296304	0.0
mp-631502_Ni	0.0	2.6979233871838064e-06	5.19315579407978e-06	2.6979233871838064e-06	0.0	5.876826600201839e-06	5.19315579407978e-06	5.876826600201839e-06	0.0
mp-690539_Ni	0.0	0.003259483714573452	0.01897469885926391	0.003259483714573452	0.0	0.015715656190274773	0.01897469885926391	0.015715656190274773	0.0
mp-754644_Ni	0.0	0.1049002750899719	0.10565036481024694	0.1049002750899719	0.0	0.14108403961079694	0.10565036481024694	0.14108403961079694	0.0
mp-755220_Ni	0.0	0.22794165536062083	0.3260066648738467	0.22794165536062083	0.0	0.30940547453630274	0.3260066648738467	0.30940547453630274	0.0
mp-757068_Ni	0.0	0.11607759379543225	0.1078438871071325	0.11607759379543225	0.0	0.08983689179079843	0.1078438871071325	0.08983689179079843	0.0
mp-757137_Ni	0.0	0.32694138573537596	0.6832598190301811	0.32694138573537596	0.0	0.6890585193621163	0.6832598190301811	0.6890585193621163	0.0
mp-757267_Ni	0.0	0.23834461124949582	0.091665163134683	0.23834461124949582	0.0	0.23426909831223028	0.091665163134683	0.23426909831223028	0.0
mp-777498_Ni	0.0	0.027860797961829005	0.12820477772652464	0.027860797961829005	0.0	0.10239316047674396	0.12820477772652464	0.10239316047674396	0.0
mp-850902_Ni	0.0	0.028427836597376917	0.12590411969750284	0.028427836597376917	0.0	0.10088110555678116	0.12590411969750284	0.10088110555678116	0.0
mp-1022971_Mn	0.0	0.4291293775723663	0.11698248171639258	0.4291293775723663	0.0	0.31626632299972557	0.11698248171639258	0.31626632299972557	0.0
mp-1028055_Mn	0.0	0.3281926513160597	0.010408171848053253	0.3281926513160597	0.0	0.3342526264893252	0.010408171848053253	0.3342526264893252	0.0
mp-1036101_Mn	0.0	0.5420328752936779	0.09065303453410577	0.5420328752936779	0.0	0.5333299835973593	0.09065303453410577	0.5333299835973593	0.0
mp-1040818_Mn	0.0	0.6554405793401957	0.2585021332814125	0.6554405793401957	0.0	0.645050039177569	0.2585021332814125	0.645050039177569	0.0
mp-1097244_Mn	0.0	0.37835214228694425	0.006175020119781959	0.37835214228694425	0.0	0.3812404729388974	0.006175020119781959	0.3812404729388974	0.0
mp-1097306_Mn	0.0	0.34878156682850414	0.005434518264061125	0.34878156682850414	0.0	0.3530192737295295	0.005434518264061125	0.3530192737295295	0.0
mp-1101152_Mn	0.0	0.549690513719242	0.32673414793968303	0.549690513719242	0.0	0.4319017221107221	0.32673414793968303	0.4319017221107221	0.0
mp-1176640_Mn	0.0	0.4876290280067962	0.24384113119881667	0.4876290280067962	0.0	0.5215424364767465	0.24384113119881667	0.5215424364767465	0.0
mp-1177699_Mn	0.0	0.4676519810207683	0.20830405305800942	0.4676519810207683	0.0	0.5254883570492676	0.20830405305800942	0.5254883570492676	0.0
mp-1213015_Mn	0.0	0.7612284453922489	0.3490899289524925	0.7612284453922489	0.0	0.5789460523036746	0.3490899289524925	0.5789460523036746	0.0
mp-1218443_Mn	0.0	0.52200184495116	0.5222626780693005	0.52200184495116	0.0	0.34591684445890153	0.5222626780693005	0.34591684445890153	0.0
mp-1218765_Mn	0.0	0.44830205459108546	0.033179970760042594	0.44830205459108546	0.0	0.44203442444479146	0.033179970760042594	0.44203442444479146	0.0
mp-1219632_Mn	0.0	0.42008186809395986	0.08259958853724175	0.42008186809395986	0.0	0.44204710506015277	0.08259958853724175	0.44204710506015277	0.0
mp-1221636_Mn	0.0	0.3371931233036272	0.15894422561489632	0.3371931233036272	0.0	0.30962164885272925	0.15894422561489632	0.30962164885272925	0.0
mp-1221644_Mn	0.0	0.22902609307358338	0.11875939640772805	0.22902609307358338	0.0	0.32760869227919237	0.11875939640772805	0.32760869227919237	0.0
mp-1221647_Mn	0.0	0.2398843431947172	0.0815011376586045	0.2398843431947172	0.0	0.3041727937365452	0.0815011376586045	0.3041727937365452	0.0
mp-1221731_Mn	0.0	0.3765587757243655	0.11054544359684614	0.3765587757243655	0.0	0.4157801447718182	0.11054544359684614	0.4157801447718182	0.0
mp-1221891_Mn	0.0	0.3493823480757745	0.010955419657547328	0.3493823480757745	0.0	0.3475469791896944	0.010955419657547328	0.3475469791896944	0.0
mp-1221907_Mn	0.0	0.4086520465145796	0.07604059366647084	0.4086520465145796	0.0	0.4378439896357188	0.07604059366647084	0.4378439896357188	0.0
mp-1226532_Mn	0.0	0.2599004573490111	0.0529539523500702	0.2599004573490111	0.0	0.27396340034607103	0.0529539523500702	0.27396340034607103	0.0
mp-1228863_Mn	0.0	0.4105965688031161	0.05195878809383545	0.4105965688031161	0.0	0.43072858481831433	0.05195878809383545	0.43072858481831433	0.0
mp-1246030_Mn	0.0	0.30241481128870007	0.09806752054888306	0.30241481128870007	0.0	0.28260601835306337	0.09806752054888306	0.28260601835306337	0.0
mp-1247595_Mn	0.0	0.3698006847204722	0.03243728257335259	0.3698006847204722	0.0	0.38545720800565764	0.03243728257335259	0.38545720800565764	0.0
mp-1247622_Mn	0.0	0.3311726973562337	0.13148362109273137	0.3311726973562337	0.0	0.4153756430936459	0.13148362109273137	0.4153756430936459	0.0
mp-1247642_Mn	0.0	0.2730209937801521	0.01824947263753038	0.2730209937801521	0.0	0.2696527865401518	0.01824947263753038	0.2696527865401518	0.0
mp-1247658_Mn	0.0	0.40151492451766735	0.15045079056715388	0.40151492451766735	0.0	0.4486691375634008	0.15045079056715388	0.4486691375634008	0.0
mp-1247700_Mn	0.0	0.3886618987266567	0.13375364867520523	0.3886618987266567	0.0	0.43200548142206513	0.13375364867520523	0.43200548142206513	0.0
mp-1568146_Mn	0.0	0.44887477746662025	0.26305437269383486	0.44887477746662025	0.0	0.459846652482433	0.26305437269383486	0.459846652482433	0.0
mp-505752_Mn	0.0	0.38707276858961565	1.1853867116249983e-05	0.38707276858961565	0.0	0.3870793205561822	1.1853867116249983e-05	0.3870793205561822	0.0
mp-725932_Mn	0.0	0.37938499113441465	0.0810752294015802	0.37938499113441465	0.0	0.40972151366422144	0.0810752294015802	0.40972151366422144	0.0
mp-754276_Mn	0.0	0.43611580593641974	0.04789096800742431	0.43611580593641974	0.0	0.4765226978487655	0.04789096800742431	0.4765226978487655	0.0
mp-754504_Mn	0.0	0.5067627446474676	0.324643051862009	0.5067627446474676	0.0	0.45826591264505817	0.324643051862009	0.45826591264505817	0.0
mp-755443_Mn	0.0	0.5030374861376602	0.24499716315229625	0.5030374861376602	0.0	0.5222414277726009	0.24499716315229625	0.5222414277726009	0.0
mp-755908_Mn	0.0	0.45228070262926295	0.02342533437503745	0.45228070262926295	0.0	0.4703164710910559	0.02342533437503745	0.4703164710910559	0.0
mp-756602_Mn	0.0	0.5483114155325304	0.0815749453192671	0.5483114155325304	0.0	0.5538028001808026	0.0815749453192671	0.5538028001808026	0.0
mp-757284_Mn	0.0	0.32363513604431804	0.05502828854784118	0.32363513604431804	0.0	0.35017068510005617	0.05502828854784118	0.35017068510005617	0.0
mp-764036_Mn	0.0	0.5516931050906035	0.17086058092551487	0.5516931050906035	0.0	0.4887163258476305	0.17086058092551487	0.4887163258476305	0.0
mp-769632_Mn	0.0	0.4316564558789498	0.031015764969538326	0.4316564558789498	0.0	0.44347532242393545	0.031015764969538326	0.44347532242393545	0.0
mp-771567_Mn	0.0	0.3757343816816116	0.08605066557818801	0.3757343816816116	0.0	0.4068141895826014	0.08605066557818801	0.4068141895826014	0.0
mp-771695_Mn	0.0	0.33839167243173957	0.04964571120743231	0.33839167243173957	0.0	0.3635671686181462	0.04964571120743231	0.3635671686181462	0.0
mp-771880_Mn	0.0	0.29470493535326014	0.060514458623329874	0.29470493535326014	0.0	0.32837855007211864	0.060514458623329874	0.32837855007211864	0.0
mp-772951_Mn	0.0	0.4499146139447705	0.04831958710782827	0.4499146139447705	0.0	0.4662905804134276	0.04831958710782827	0.4662905804134276	0.0
mp-773110_Mn	0.0	0.3785841281905372	0.0826271136242853	0.3785841281905372	0.0	0.4066103529251093	0.0826271136242853	0.4066103529251093	0.0
mp-775289_Mn	0.0	0.29885735600614316	0.05440691481715625	0.29885735600614316	0.0	0.33021738867810047	0.05440691481715625	0.33021738867810047	0.0
mp-775679_Mn	0.0	0.4875405325849121	0.24367486868089638	0.4875405325849121	0.0	0.5806112290225101	0.24367486868089638	0.5806112290225101	0.0
mp-864953_Mn	0.0	0.2321242130952909	9.244393670957054e-06	0.2321242130952909	0.0	0.23212869275044717	9.244393670957054e-06	0.23212869275044717	0.0
mp-1008280_Co	0.0	0.0028977224431875627	0.12478185005429651	0.0028977224431875627	0.0	0.12329028814484175	0.12478185005429651	0.12329028814484175	0.0
mp-1010071_Co	0.0	0.0025091740762301024	0.03954523080506977	0.0025091740762301024	0.0	0.03705062862581831	0.03954523080506977	0.03705062862581831	0.0
mp-1018082_Co	0.0	0.0029159828501209638	0.0466743317359159	0.0029159828501209638	0.0	0.04394400907521459	0.0466743317359159	0.04394400907521459	0.0
mp-1031979_Co	0.0	0.4493831203470018	0.19416358705159703	0.4493831203470018	0.0	0.37239720074420607	0.19416358705159703	0.37239720074420607	0.0
mp-1032010_Co	0.0	0.24852170362999054	0.12391773677474191	0.24852170362999054	0.0	0.21879589468275829	0.12391773677474191	0.21879589468275829	0.0
mp-1035006_Co	0.0	0.008690257393749895	0.15587465385247382	0.008690257393749895	0.0	0.15456304262710333	0.15587465385247382	0.15456304262710333	0.0
mp-1049220_Co	0.0	0.26380283986898184	0.38853069297832304	0.26380283986898184	0.0	0.5520453635899942	0.38853069297832304	0.5520453635899942	0.0
mp-1102834_Co	0.0	0.11637587346273295	0.13046095624063947	0.11637587346273295	0.0	0.09508185949921392	0.13046095624063947	0.09508185949921392	0.0
mp-1178412_Co	0.0	0.1596061021095476	0.18906451167059016	0.1596061021095476	0.0	0.22167587821470974	0.18906451167059016	0.22167587821470974	0.0
mp-1206397_Co	0.0	0.11089248248673647	0.18492785386568505	0.11089248248673647	0.0	0.20843663561769826	0.18492785386568505	0.20843663561769826	0.0
mp-1216280_Co	0.0	0.36156788120059347	0.08915065725914173	0.36156788120059347	0.0	0.34850583903452714	0.08915065725914173	0.34850583903452714	0.0
mp-1219598_Co	0.0	0.17474845409829062	0.1980442317980924	0.17474845409829062	0.0	0.12396309919934013	0.1980442317980924	0.12396309919934013	0.0
mp-1247504_Co	0.0	0.12094778880476881	0.15072326354277268	0.12094778880476881	0.0	0.1644409321442962	0.15072326354277268	0.1644409321442962	0.0
mp-1247540_Co	0.0	0.003558063393365946	0.16379808218789346	0.003558063393365946	0.0	0.16165214438530034	0.16379808218789346	0.16165214438530034	0.0
mp-1302768_Co	0.0	0.2326041926566783	0.2124811817983108	0.2326041926566783	0.0	0.1292036980057225	0.2124811817983108	0.1292036980057225	0.0
mp-2219680_Co	0.0	0.06580246092410166	0.24634581779812134	0.06580246092410166	0.0	0.19853557242196473	0.24634581779812134	0.19853557242196473	0.0
mp-2223659_Co	0.0	0.6002754224146367	0.3741827665414264	0.6002754224146367	0.0	0.47214712757868993	0.3741827665414264	0.47214712757868993	0.0
mp-2230698_Co	0.0	0.021271304820627633	0.5181271381981499	0.021271304820627633	0.0	0.5015199288306897	0.5181271381981499	0.5015199288306897	0.0
mp-756950_Co	0.0	0.003346646259357532	0.5456794336061908	0.003346646259357532	0.0	0.5440903333762027	0.5456794336061908	0.5440903333762027	0.0
mp-757257_Co	0.0	0.1407227128272967	0.14634706607480144	0.1407227128272967	0.0	0.16464095257006967	0.14634706607480144	0.16464095257006967	0.0
mp-757284_Co	0.0	0.03831884447986197	0.2101117840102204	0.03831884447986197	0.0	0.17901759405300582	0.2101117840102204	0.17901759405300582	0.0
mp-758226_Co	0.0	0.039499358604865	0.2150548475241549	0.039499358604865	0.0	0.18148754325464528	0.2150548475241549	0.18148754325464528	0.0
mp-762011_Co	0.0	0.32833500544023275	0.1051044110877181	0.32833500544023275	0.0	0.36860739989715585	0.1051044110877181	0.36860739989715585	0.0
mp-849768_Co	0.0	0.10114632790489515	0.31420570945091025	0.10114632790489515	0.0	0.26027300416010096	0.31420570945091025	0.26027300416010096	0.0
mp-1007974_Cr	0.0	0.2439149593135928	2.930029545562921e-06	0.2439149593135928	0.0	0.24391424329387348	2.930029545562921e-06	0.24391424329387348	0.0
mp-1008280_Cr	0.0	0.24599817888478928	0.00025868918810204174	0.24599817888478928	0.0	0.246171461807564	0.00025868918810204174	0.246171461807564	0.0
mp-1009079_Cr	0.0	0.4025463836718593	5.355754173567688e-06	0.4025463836718593	0.0	0.40254509419950446	5.355754173567688e-06	0.40254509419950446	0.0
mp-1009485_Cr	0.0	0.26354378658310873	4.407472518423779e-06	0.26354378658310873	0.0	0.263543054151598	4.407472518423779e-06	0.263543054151598	0.0
mp-1009592_Cr	0.0	0.35533937954437794	4.687229521657147e-06	0.35533937954437794	0.0	0.35533810458548726	4.687229521657147e-06	0.35533810458548726	0.0
mp-1010071_Cr	0.0	0.24713748912453018	2.9630665049512096e-06	0.24713748912453018	0.0	0.24713680198906118	2.9630665049512096e-06	0.24713680198906118	0.0
mp-1014993_Cr	0.0	0.39317208143018034	5.739963674974074e-06	0.39317208143018034	0.0	0.393170775585023	5.739963674974074e-06	0.393170775585023	0.0
mp-1014995_Cr	0.0	0.25512230008020875	0.05411409054065387	0.25512230008020875	0.0	0.229704415613806	0.05411409054065387	0.229704415613806	0.0
mp-1016059_Cr	0.0	0.2623722220265118	0.1476857061867839	0.2623722220265118	0.0	0.2713287925380506	0.1476857061867839	0.2713287925380506	0.0
mp-1016225_Cr	0.0	0.395124286702039	0.0040828609953311905	0.395124286702039	0.0	0.39841665245725544	0.0040828609953311905	0.39841665245725544	0.0
mp-1016300_Cr	0.0	0.33694880169622704	0.03568046656526668	0.33694880169622704	0.0	0.3227391984928809	0.03568046656526668	0.3227391984928809	0.0
mp-1016625_Cr	0.0	0.4810353523942314	0.16988466629105947	0.4810353523942314	0.0	0.314327365578273	0.16988466629105947	0.314327365578273	0.0
mp-1016653_Cr	0.0	0.516249932935731	0.211614618314159	0.516249932935731	0.0	0.3098623859184805	0.211614618314159	0.3098623859184805	0.0
mp-1016677_Cr	0.0	0.6018113684954834	0.19166728658497167	0.6018113684954834	0.0	0.49955063178193	0.19166728658497167	0.49955063178193	0.0
mp-1017080_Cr	0.0	0.34769504762510645	0.05398371235434238	0.34769504762510645	0.0	0.36149931931495494	0.05398371235434238	0.36149931931495494	0.0
mp-1017099_Cr	0.0	0.4030508965622781	0.08288170635586718	0.4030508965622781	0.0	0.3485768547085261	0.08288170635586718	0.3485768547085261	0.0
mp-1017197_Cr	0.0	0.3333303053446843	0.03561655073899084	0.3333303053446843	0.0	0.3482231146862148	0.03561655073899084	0.3482231146862148	0.0
mp-1017317_Cr	0.0	0.32567665433566434	0.009228390408439683	0.32567665433566434	0.0	0.3319076917179953	0.009228390408439683	0.3319076917179953	0.0
mp-1018066_Cr	0.0	0.33753029005096363	0.06950685393504694	0.33753029005096363	0.0	0.3603465347082917	0.06950685393504694	0.3603465347082917	0.0
mp-1018079_Cr	0.0	0.3540002438392554	0.05944118782758426	0.3540002438392554	0.0	0.35471973538623053	0.05944118782758426	0.35471973538623053	0.0
mp-1018082_Cr	0.0	0.285829695551245	5.246527543761921e-06	0.285829695551245	0.0	0.2858308803507797	5.246527543761921e-06	0.2858308803507797	0.0
mp-1018161_Cr	0.0	0.3386265179050195	5.18811267946496e-06	0.3386265179050195	0.0	0.3386263904202466	5.18811267946496e-06	0.3386263904202466	0.0
mp-1021275_Cr	0.0	0.3111471069335234	0.009736458182489152	0.3111471069335234	0.0	0.31160262628326457	0.009736458182489152	0.31160262628326457	0.0
mp-1021301_Cr	0.0	0.3343672459223004	0.024686152445559124	0.3343672459223004	0.0	0.3449221017343242	0.024686152445559124	0.3449221017343242	0.0
mp-1021379_Cr	0.0	0.36789682961819326	0.017566144406323533	0.36789682961819326	0.0	0.3559654445234063	0.017566144406323533	0.3559654445234063	0.0
mp-1021695_Cr	0.0	0.4344557364312785	0.1232170498335453	0.4344557364312785	0.0	0.3133992472040734	0.1232170498335453	0.3133992472040734	0.0
mp-1022627_Cr	0.0	0.47270964711295227	0.15091746728026192	0.47270964711295227	0.0	0.32692657382216883	0.15091746728026192	0.32692657382216883	0.0
mp-1022971_Cr	0.0	0.4149157487963627	0.09623748291689466	0.4149157487963627	0.0	0.3205407000068961	0.09623748291689466	0.3205407000068961	0.0
mp-1023158_Cr	0.0	0.3353838419147584	0.026395196852087785	0.3353838419147584	0.0	0.3236034767148955	0.026395196852087785	0.3236034767148955	0.0
mp-1023188_Cr	0.0	0.40282455586504856	0.08152653624320584	0.40282455586504856	0.0	0.3260633205252662	0.08152653624320584	0.3260633205252662	0.0
mp-1023490_Cr	0.0	0.33390743634162795	0.0071277740940014645	0.33390743634162795	0.0	0.3378900764949018	0.0071277740940014645	0.3378900764949018	0.0
mp-1024044_Cr	0.0	0.5442935423619484	9.008390382805808e-06	0.5442935423619484	0.0	0.5442919740545922	9.008390382805808e-06	0.5442919740545922	0.0
mp-10247_Cr	0.0	0.7448399486798936	0.29923822686746576	0.7448399486798936	0.0	0.5813563457966496	0.29923822686746576	0.5813563457966496	0.0
mp-1025231_Cr	0.0	0.47715700035894737	0.12825931679094107	0.47715700035894737	0.0	0.47804376328345366	0.12825931679094107	0.47804376328345366	0.0
mp-1026410_Cr	0.0	0.3349287511203446	0.04540302081110153	0.3349287511203446	0.0	0.36300624237693024	0.04540302081110153	0.36300624237693024	0.0
mp-1026489_Cr	0.0	0.3289650095447678	0.005928280973563382	0.3289650095447678	0.0	0.3332595889531603	0.005928280973563382	0.3332595889531603	0.0
mp-1026535_Cr	0.0	0.3248854210356629	0.009143859935258772	0.3248854210356629	0.0	0.33060257780114544	0.009143859935258772	0.33060257780114544	0.0
mp-1026539_Cr	0.0	0.4005990496207221	0.13193487126215345	0.4005990496207221	0.0	0.3014428774776587	0.13193487126215345	0.3014428774776587	0.0
mp-1026546_Cr	0.0	0.34798023452608723	0.016179926614451917	0.34798023452608723	0.0	0.357319618842535	0.016179926614451917	0.357319618842535	0.0
mp-1026563_Cr	0.0	0.3941285326179891	0.1124441912785586	0.3941285326179891	0.0	0.32754331279369675	0.1124441912785586	0.32754331279369675	0.0
mp-1026587_Cr	0.0	0.34372337889801113	0.013305910965463671	0.34372337889801113	0.0	0.3513233556625088	0.013305910965463671	0.3513233556625088	0.0
mp-1026604_Cr	0.0	0.3435361435288004	0.014728168649360518	0.3435361435288004	0.0	0.35243360887037806	0.014728168649360518	0.35243360887037806	0.0
mp-1026619_Cr	0.0	0.33861011245215594	0.015243205812219699	0.33861011245215594	0.0	0.34771807589739917	0.015243205812219699	0.34771807589739917	0.0
mp-1026696_Cr	0.0	0.32587006212582104	0.05159584162769543	0.32587006212582104	0.0	0.3539778199915466	0.05159584162769543	0.3539778199915466	0.0
mp-1026723_Cr	0.0	0.33855183306747766	0.015121866945018554	0.33855183306747766	0.0	0.34711786628576424	0.015121866945018554	0.34711786628576424	0.0
mp-1026739_Cr	0.0	0.4121637815009405	0.1687515620245091	0.4121637815009405	0.0	0.31049767635881437	0.1687515620245091	0.31049767635881437	0.0
mp-1026750_Cr	0.0	0.34747110418124805	0.014606749185172541	0.34747110418124805	0.0	0.3562013683312769	0.014606749185172541	0.3562013683312769	0.0
mp-1026793_Cr	0.0	0.34273887113531637	0.0136380952221876	0.34273887113531637	0.0	0.3309183373957279	0.0136380952221876	0.3309183373957279	0.0
mp-1027877_Cr	0.0	0.34210776057043285	0.05350174598942368	0.34210776057043285	0.0	0.29768130185435926	0.05350174598942368	0.29768130185435926	0.0
mp-1028055_Cr	0.0	0.3303737292435458	0.008712580799930683	0.3303737292435458	0.0	0.335970260461221	0.008712580799930683	0.335970260461221	0.0
mp-1028251_Cr	0.0	0.33511956532759896	0.02715507077505028	0.33511956532759896	0.0	0.3426058579121587	0.02715507077505028	0.3426058579121587	0.0
mp-1028345_Cr	0.0	0.32498177041939513	0.006572852229682437	0.32498177041939513	0.0	0.3276494274983652	0.006572852229682437	0.3276494274983652	0.0
mp-1029458_Cr	0.0	0.3310234889166309	0.08368284428468047	0.3310234889166309	0.0	0.3971254624785943	0.08368284428468047	0.3971254624785943	0.0
mp-1029520_Cr	0.0	0.2799351449946349	0.1837506975087319	0.2799351449946349	0.0	0.42128196405828816	0.1837506975087319	0.42128196405828816	0.0
mp-1030818_Cr	0.0	0.4423084194387648	7.881129865306859e-06	0.4423084194387648	0.0	0.442307767124673	7.881129865306859e-06	0.442307767124673	0.0
mp-1030819_Cr	0.0	0.4480317033520352	8.280378198089738e-06	0.4480317033520352	0.0	0.44803043157897776	8.280378198089738e-06	0.44803043157897776	0.0
mp-1031027_Cr	0.0	0.4673284503918762	9.996758968715324e-06	0.4673284503918762	0.0	0.4673247622037118	9.996758968715324e-06	0.4673247622037118	0.0
mp-1031245_Cr	0.0	0.3929168597625005	5.823719406956397e-06	0.3929168597625005	0.0	0.39291454603732123	5.823719406956397e-06	0.39291454603732123	0.0
mp-1031430_Cr	0.0	0.5335022406307004	8.579755306439055e-06	0.5335022406307004	0.0	0.5334992848651658	8.579755306439055e-06	0.5334992848651658	0.0
mp-1031634_Cr	0.0	0.5452821884314557	7.1667348131628255e-06	0.5452821884314557	0.0	0.5452820253267586	7.1667348131628255e-06	0.5452820253267586	0.0
mp-1031901_Cr	0.0	0.489738388754906	8.115798144168225e-06	0.489738388754906	0.0	0.48973724243371547	8.115798144168225e-06	0.48973724243371547	0.0
mp-1031928_Cr	0.0	0.5159775382021798	6.704007705963193e-06	0.5159775382021798	0.0	0.5159781339968029	6.704007705963193e-06	0.5159781339968029	0.0
mp-1031936_Cr	0.0	0.5084164946870267	6.666803421825986e-06	0.5084164946870267	0.0	0.508415577351352	6.666803421825986e-06	0.508415577351352	0.0
mp-1031979_Cr	0.0	0.564030840832795	9.128380277615893e-06	0.564030840832795	0.0	0.5640303980912749	9.128380277615893e-06	0.5640303980912749	0.0
mp-1032010_Cr	0.0	0.49351977688533377	8.981431974226208e-06	0.49351977688533377	0.0	0.4935193930675845	8.981431974226208e-06	0.4935193930675845	0.0
mp-1032032_Cr	0.0	0.5580164481866361	7.3296604562968546e-06	0.5580164481866361	0.0	0.5580154350742506	7.3296604562968546e-06	0.5580154350742506	0.0
mp-1032331_Cr	0.0	0.6009931079740631	1.2509524151681204e-05	0.6009931079740631	0.0	0.6009924219079529	1.2509524151681204e-05	0.6009924219079529	0.0
mp-1033034_Cr	0.0	0.579035922432383	1.0662430122996272e-05	0.579035922432383	0.0	0.5790331486666792	1.0662430122996272e-05	0.5790331486666792	0.0
mp-1033371_Cr	0.0	0.6785618256485845	1.1893616926494241e-05	0.6785618256485845	0.0	0.6785585402414313	1.1893616926494241e-05	0.6785585402414313	0.0
mp-1033378_Cr	0.0	0.4694604416872263	6.995323358554911e-06	0.4694604416872263	0.0	0.46945992613368304	6.995323358554911e-06	0.46945992613368304	0.0
mp-1033435_Cr	0.0	0.4672129097643059	6.762133822255527e-06	0.4672129097643059	0.0	0.46721288997288074	6.762133822255527e-06	0.46721288997288074	0.0
mp-1033461_Cr	0.0	0.4636208755186289	5.2959256054316615e-06	0.4636208755186289	0.0	0.46362042086256794	5.2959256054316615e-06	0.46362042086256794	0.0
mp-1033645_Cr	0.0	0.46995416916679417	6.092816413687649e-06	0.46995416916679417	0.0	0.46995274615274535	6.092816413687649e-06	0.46995274615274535	0.0
mp-1033868_Cr	0.0	0.645331827474104	0.034806474606040284	0.645331827474104	0.0	0.6539711688158325	0.034806474606040284	0.6539711688158325	0.0
mp-1033886_Cr	0.0	0.622603331875691	0.3338696752966074	0.622603331875691	0.0	0.6090805422822493	0.3338696752966074	0.6090805422822493	0.0
mp-1033898_Cr	0.0	0.5837249101434051	0.2441878523982983	0.5837249101434051	0.0	0.6284844333938415	0.2441878523982983	0.6284844333938415	0.0
mp-1034067_Cr	0.0	0.5465807851978441	0.12779410584191306	0.5465807851978441	0.0	0.5368164963913569	0.12779410584191306	0.5368164963913569	0.0
mp-1034272_Cr	0.0	0.5699683534270328	0.03976231794379075	0.5699683534270328	0.0	0.5554040124861943	0.03976231794379075	0.5554040124861943	0.0
mp-1034441_Cr	0.0	0.7004361457605421	0.3825353961775194	0.7004361457605421	0.0	0.6086785872075695	0.3825353961775194	0.6086785872075695	0.0
mp-1034790_Cr	0.0	0.5802658594096579	0.12467562366116242	0.5802658594096579	0.0	0.5947820770209356	0.12467562366116242	0.5947820770209356	0.0
mp-1035006_Cr	0.0	0.5272002496603665	0.11268730212874647	0.5272002496603665	0.0	0.5530374032667513	0.11268730212874647	0.5530374032667513	0.0
mp-1035311_Cr	0.0	0.5780834606475397	0.10928247017993906	0.5780834606475397	0.0	0.5935773540281467	0.10928247017993906	0.5935773540281467	0.0
mp-1035402_Cr	0.0	0.5704823487010278	0.31850877725185783	0.5704823487010278	0.0	0.5465750124792034	0.31850877725185783	0.5465750124792034	0.0
mp-1035434_Cr	0.0	0.5037512516599345	0.17377467852430042	0.5037512516599345	0.0	0.5271586778562687	0.17377467852430042	0.5271586778562687	0.0
mp-1035602_Cr	0.0	0.5576897793034212	0.11023581361734526	0.5576897793034212	0.0	0.5732018757448952	0.11023581361734526	0.5732018757448952	0.0
mp-1035830_Cr	0.0	0.5642937032847456	0.11619280018692955	0.5642937032847456	0.0	0.5702263198721375	0.11619280018692955	0.5702263198721375	0.0
mp-1035863_Cr	0.0	0.49512899021730317	0.20836136346840062	0.49512899021730317	0.0	0.5333545476055637	0.20836136346840062	0.5333545476055637	0.0
mp-1036101_Cr	0.0	0.5842178714255213	0.11687066261334847	0.5842178714255213	0.0	0.5635443936358878	0.11687066261334847	0.5635443936358878	0.0
mp-1036367_Cr	0.0	0.6478328494698068	0.29590544591980456	0.6478328494698068	0.0	0.6096004704983168	0.29590544591980456	0.6096004704983168	0.0
mp-1036585_Cr	0.0	0.5109814104744221	0.14193940933344504	0.5109814104744221	0.0	0.5674149841579462	0.14193940933344504	0.5674149841579462	0.0
mp-1036803_Cr	0.0	0.5879647701084781	0.1932584465149461	0.5879647701084781	0.0	0.602423384454005	0.1932584465149461	0.602423384454005	0.0
mp-1036879_Cr	0.0	0.5917822592892079	0.09950301629597834	0.5917822592892079	0.0	0.5768140611333183	0.09950301629597834	0.5768140611333183	0.0
mp-1037480_Cr	0.0	0.4923666337439581	0.020890051612769057	0.4923666337439581	0.0	0.4918628672954462	0.020890051612769057	0.4918628672954462	0.0
mp-1037502_Cr	0.0	0.5935972008676398	0.15034031377800988	0.5935972008676398	0.0	0.5771216430612675	0.15034031377800988	0.5771216430612675	0.0
mp-1037531_Cr	0.0	0.5918355269303166	0.1353631156029694	0.5918355269303166	0.0	0.5722882937520113	0.1353631156029694	0.5722882937520113	0.0
mp-1037552_Cr	0.0	0.5990502126337989	0.19881824878674598	0.5990502126337989	0.0	0.5889391568687494	0.19881824878674598	0.5889391568687494	0.0
mp-1037573_Cr	0.0	0.6137839801944946	0.11718061847459352	0.6137839801944946	0.0	0.6060887433786454	0.11718061847459352	0.6060887433786454	0.0
mp-1038542_Cr	0.0	0.5375802176409805	0.4603749551812245	0.5375802176409805	0.0	0.6254879673628049	0.4603749551812245	0.6254879673628049	0.0
mp-1038660_Cr	0.0	0.5902784206770079	0.3188036532599766	0.5902784206770079	0.0	0.6513702768870894	0.3188036532599766	0.6513702768870894	0.0
mp-1038723_Cr	0.0	0.5892303472231062	0.4426662710446319	0.5892303472231062	0.0	0.7190669173625899	0.4426662710446319	0.7190669173625899	0.0
mp-1038744_Cr	0.0	0.5685797369109753	0.14076048909879046	0.5685797369109753	0.0	0.5695006025732904	0.14076048909879046	0.5695006025732904	0.0
mp-1039724_Cr	0.0	0.5340029820661978	0.10823571446016407	0.5340029820661978	0.0	0.5161403048377923	0.10823571446016407	0.5161403048377923	0.0
mp-1039764_Cr	0.0	0.5569723819296144	0.05250963925010858	0.5569723819296144	0.0	0.5479702099162421	0.05250963925010858	0.5479702099162421	0.0
mp-1040241_Cr	0.0	0.5191012301684113	0.084944143860046	0.5191012301684113	0.0	0.508921230324439	0.084944143860046	0.508921230324439	0.0
mp-1040818_Cr	0.0	0.3836947876994915	0.33866384240701114	0.3836947876994915	0.0	0.4205170944465149	0.33866384240701114	0.4205170944465149	0.0
mp-1041606_Cr	0.0	0.4561551254756926	0.3413774781337257	0.4561551254756926	0.0	0.42439700675853287	0.3413774781337257	0.42439700675853287	0.0
mp-1041713_Cr	0.0	0.38453490135183704	0.12328201241653702	0.38453490135183704	0.0	0.41876338053604584	0.12328201241653702	0.41876338053604584	0.0
mp-1041862_Cr	0.0	0.4314107782841118	0.07500254012504061	0.4314107782841118	0.0	0.4488984693001161	0.07500254012504061	0.4488984693001161	0.0
mp-1042644_Cr	0.0	0.36434302148812797	0.10017985553168947	0.36434302148812797	0.0	0.36231411591051615	0.10017985553168947	0.36231411591051615	0.0
mp-1043308_Cr	0.0	0.4907833778480818	0.11368706194951322	0.4907833778480818	0.0	0.4761683071936564	0.11368706194951322	0.4761683071936564	0.0
mp-1043356_Cr	0.0	0.594073767845511	0.10995283339739155	0.594073767845511	0.0	0.5174098418897607	0.10995283339739155	0.5174098418897607	0.0
mp-1044021_Cr	0.0	0.5882521042479808	0.17976531311387242	0.5882521042479808	0.0	0.5384032935775978	0.17976531311387242	0.5384032935775978	0.0
mp-1044071_Cr	0.0	0.48080755091483485	0.2606637249124576	0.48080755091483485	0.0	0.4282903731137579	0.2606637249124576	0.4282903731137579	0.0
mp-1044170_Cr	0.0	0.3816604944307692	0.48245585705992916	0.3816604944307692	0.0	0.46268983192558183	0.48245585705992916	0.46268983192558183	0.0
mp-1044221_Cr	0.0	0.41099914135581095	0.15499688880120482	0.41099914135581095	0.0	0.3444288901377261	0.15499688880120482	0.3444288901377261	0.0
mp-1044311_Cr	0.0	0.2975339605294603	0.06676059404239419	0.2975339605294603	0.0	0.33462971908216965	0.06676059404239419	0.33462971908216965	0.0
mp-1044358_Cr	0.0	0.5284090394500417	0.1651088442722356	0.5284090394500417	0.0	0.5885352186947302	0.1651088442722356	0.5885352186947302	0.0
mp-1044888_Cr	0.0	0.6275905356637321	0.11225770841652763	0.6275905356637321	0.0	0.5745149549232409	0.11225770841652763	0.5745149549232409	0.0
mp-1044931_Cr	0.0	0.5878504969735586	0.1098103656237466	0.5878504969735586	0.0	0.5887580940422901	0.1098103656237466	0.5887580940422901	0.0
mp-1044938_Cr	0.0	0.39116929188921684	0.06145568984067203	0.39116929188921684	0.0	0.4006809430080421	0.06145568984067203	0.4006809430080421	0.0
mp-1045314_Cr	0.0	0.44842964799338636	0.12225402612926208	0.44842964799338636	0.0	0.3889170320925755	0.12225402612926208	0.3889170320925755	0.0
mp-1046448_Cr	0.0	0.43100220238811243	0.12823631964515034	0.43100220238811243	0.0	0.4428850039580598	0.12823631964515034	0.4428850039580598	0.0
mp-1046856_Cr	0.0	0.37674659335992117	0.12778937753544473	0.37674659335992117	0.0	0.4655530604301597	0.12778937753544473	0.4655530604301597	0.0
mp-1046983_Cr	0.0	0.32647904574093334	0.19388299349566307	0.32647904574093334	0.0	0.34285310634924104	0.19388299349566307	0.34285310634924104	0.0
mp-1047222_Cr	0.0	0.4097981934834576	0.0644173988192042	0.4097981934834576	0.0	0.44022177511846344	0.0644173988192042	0.44022177511846344	0.0
mp-1047859_Cr	0.0	0.2957339622201464	0.06331523867734465	0.2957339622201464	0.0	0.30167821588396804	0.06331523867734465	0.30167821588396804	0.0
mp-1048114_Cr	0.0	0.28626704526963564	0.05052653783001578	0.28626704526963564	0.0	0.2856450858419703	0.05052653783001578	0.2856450858419703	0.0
mp-1048921_Cr	0.0	0.5337723203230864	0.06432789190384344	0.5337723203230864	0.0	0.5456030086732286	0.06432789190384344	0.5456030086732286	0.0
mp-1048931_Cr	0.0	0.5948501048615682	0.20209029214888352	0.5948501048615682	0.0	0.5763022328876513	0.20209029214888352	0.5763022328876513	0.0
mp-1049220_Cr	0.0	0.5056849793792256	0.1734249047320429	0.5056849793792256	0.0	0.5619425692578607	0.1734249047320429	0.5619425692578607	0.0
mp-1049223_Cr	0.0	0.5023006575669778	0.11173838646018956	0.5023006575669778	0.0	0.5168158357809044	0.11173838646018956	0.5168158357809044	0.0
mp-1049246_Cr	0.0	0.4254952431859089	0.043035368717799095	0.4254952431859089	0.0	0.4218966565683057	0.043035368717799095	0.4218966565683057	0.0
mp-1059289_Cr	0.0	0.40028776165734475	0.09701424973493367	0.40028776165734475	0.0	0.3058924447161846	0.09701424973493367	0.3058924447161846	0.0
mp-1070789_Cr	0.0	0.4478693715990959	0.003577335833933702	0.4478693715990959	0.0	0.44673120233402264	0.003577335833933702	0.44673120233402264	0.0
mp-1076360_Cr	0.0	0.2777434440718452	4.4418272324784475e-06	0.2777434440718452	0.0	0.27774209392615495	4.4418272324784475e-06	0.27774209392615495	0.0
mp-1077077_Cr	0.0	0.2744092822893235	4.594834093121543e-06	0.2744092822893235	0.0	0.2744097576210205	4.594834093121543e-06	0.2744097576210205	0.0
mp-1077939_Cr	0.0	0.4369094901748363	0.03307766477601287	0.4369094901748363	0.0	0.42876549826905136	0.03307766477601287	0.42876549826905136	0.0
mp-1079560_Cr	0.0	0.3769887396368865	3.93757205710993e-06	0.3769887396368865	0.0	0.37698877025438643	3.93757205710993e-06	0.37698877025438643	0.0
mp-1079966_Cr	0.0	0.3695987241396028	0.07423828571773092	0.3695987241396028	0.0	0.31995890651480935	0.07423828571773092	0.31995890651480935	0.0
mp-1080664_Cr	0.0	0.3291359846988297	0.12300973511695344	0.3291359846988297	0.0	0.324194416478365	0.12300973511695344	0.324194416478365	0.0
mp-1080726_Cr	0.0	0.41050379677310445	5.442498544759306e-06	0.41050379677310445	0.0	0.41050272330658616	5.442498544759306e-06	0.41050272330658616	0.0
mp-1084823_Cr	0.0	0.583962668010722	0.08956889257159598	0.583962668010722	0.0	0.5805229759710148	0.08956889257159598	0.5805229759710148	0.0
mp-10885_Cr	0.0	0.25897465919470086	3.6656898816130993e-06	0.25897465919470086	0.0	0.2589744579188647	3.6656898816130993e-06	0.2589744579188647	0.0
mp-1093584_Cr	0.0	0.39899627627262907	0.038943791618723196	0.39899627627262907	0.0	0.3717527379432295	0.038943791618723196	0.3717527379432295	0.0
mp-1093756_Cr	0.0	0.43275196054952914	0.14272057906075553	0.43275196054952914	0.0	0.35279278033270534	0.14272057906075553	0.35279278033270534	0.0
mp-1093769_Cr	0.0	0.4021769963898185	0.04801670885194907	0.4021769963898185	0.0	0.36774072763403703	0.04801670885194907	0.36774072763403703	0.0
mp-1093844_Cr	0.0	0.426486854626493	0.14431230531069783	0.426486854626493	0.0	0.3486240235064312	0.14431230531069783	0.3486240235064312	0.0
mp-1095185_Cr	0.0	0.29901317649983833	6.261896133187099e-06	0.29901317649983833	0.0	0.299009025422148	6.261896133187099e-06	0.299009025422148	0.0
mp-1095708_Cr	0.0	0.5910094990541436	0.14703064036439403	0.5910094990541436	0.0	0.5950368733207493	0.14703064036439403	0.5950368733207493	0.0
mp-1095907_Cr	0.0	0.4279685054116267	0.10531060645835685	0.4279685054116267	0.0	0.3951014310886127	0.10531060645835685	0.3951014310886127	0.0
mp-1095987_Cr	0.0	0.4088692631894811	0.07911398566196068	0.4088692631894811	0.0	0.3628113130584655	0.07911398566196068	0.3628113130584655	0.0
mp-1096119_Cr	0.0	0.40895522836286524	0.004971959928427724	0.40895522836286524	0.0	0.4061923717877809	0.004971959928427724	0.4061923717877809	0.0
mp-1096196_Cr	0.0	0.3991233768182456	0.040962125822571305	0.3991233768182456	0.0	0.36948697035299466	0.040962125822571305	0.36948697035299466	0.0
mp-1096638_Cr	0.0	0.36841475246654404	0.013924209916051556	0.36841475246654404	0.0	0.37933428852234957	0.013924209916051556	0.37933428852234957	0.0
