parent_dir	m00	m01	m02	m10	m11	m12	m20	m21	m22
mp-18961_Sc	0.0	0.04541516221268588	0.10833374056705525	0.04541516221268588	0.0	0.06291857835436937	0.10833374056705525	0.06291857835436937	0.0
mp-1022971_Mn	0.0	0.31768583210116996	0.332713865863349	0.31768583210116996	0.0	0.015028033762179044	0.332713865863349	0.015028033762179044	0.0
mp-1028055_Mn	0.0	5.979415996897238e-07	0.03199558034494015	5.979415996897238e-07	0.0	0.031994982403340456	0.03199558034494015	0.031994982403340456	0.0
mp-1036101_Mn	0.0	3.532880949877273e-08	0.1394466297939779	3.532880949877273e-08	0.0	0.1394466651227874	0.1394466297939779	0.1394466651227874	0.0
mp-1040818_Mn	0.0	0.01684816331901923	0.05285184517246825	0.01684816331901923	0.0	0.03600368185344902	0.05285184517246825	0.03600368185344902	0.0
mp-1097244_Mn	0.0	0.23222898076247808	0.0807392059336122	0.23222898076247808	0.0	0.15148977482886586	0.0807392059336122	0.15148977482886586	0.0
mp-1097306_Mn	0.0	0.36510373859406775	0.13262031825775375	0.36510373859406775	0.0	0.23248342033631397	0.13262031825775375	0.23248342033631397	0.0
mp-1101152_Mn	0.0	0.5182486594813772	0.3520079209700716	0.5182486594813772	0.0	0.16624073851130558	0.3520079209700716	0.16624073851130558	0.0
mp-1176640_Mn	0.0	0.003207360826770433	0.1611412595128027	0.003207360826770433	0.0	0.16434862033957312	0.1611412595128027	0.16434862033957312	0.0
mp-1177699_Mn	0.0	0.0141509549222543	0.15407324222628827	0.0141509549222543	0.0	0.13992228730403397	0.15407324222628827	0.13992228730403397	0.0
mp-1213015_Mn	0.0	0.13302066464813808	0.11832767317863575	0.13302066464813808	0.0	0.014692991469502328	0.11832767317863575	0.014692991469502328	0.0
mp-1218443_Mn	0.0	0.13878188367354843	0.12858792504834823	0.13878188367354843	0.0	0.010193958625200198	0.12858792504834823	0.010193958625200198	0.0
mp-1218765_Mn	0.0	0.03526605659824518	0.01750835981226064	0.03526605659824518	0.0	0.01775769678598454	0.01750835981226064	0.01775769678598454	0.0
mp-1219632_Mn	0.0	3.702116419923572e-05	0.14399007072629472	3.702116419923572e-05	0.0	0.14402709189049395	0.14399007072629472	0.14402709189049395	0.0
mp-1221636_Mn	0.0	0.051934204913484466	0.05373408261798896	0.051934204913484466	0.0	0.0017998777045044958	0.05373408261798896	0.0017998777045044958	0.0
mp-1221644_Mn	0.0	1.5049047030944335e-07	0.22022767612342184	1.5049047030944335e-07	0.0	0.22022782661389215	0.22022767612342184	0.22022782661389215	0.0
mp-1221647_Mn	0.0	0.025407316882919084	0.1260516142504471	0.025407316882919084	0.0	0.1514589311333662	0.1260516142504471	0.1514589311333662	0.0
mp-1221731_Mn	0.0	0.1008058934945968	0.11169355016619599	0.1008058934945968	0.0	0.2124994436607928	0.11169355016619599	0.2124994436607928	0.0
mp-1221891_Mn	0.0	0.00044392770707737115	0.0075941005798267295	0.00044392770707737115	0.0	0.007150172872749358	0.0075941005798267295	0.007150172872749358	0.0
mp-1221907_Mn	0.0	1.7896547562577663e-07	0.22381469564230733	1.7896547562577663e-07	0.0	0.2238145166768317	0.22381469564230733	0.2238145166768317	0.0
mp-1226532_Mn	0.0	0.0016556507466945172	0.03397682295511195	0.0016556507466945172	0.0	0.035632473701806465	0.03397682295511195	0.035632473701806465	0.0
mp-1228863_Mn	0.0	0.0019208071774164481	0.08186915640925892	0.0019208071774164481	0.0	0.08378996358667537	0.08186915640925892	0.08378996358667537	0.0
mp-1246030_Mn	0.0	0.01396517233294917	0.030816758074515446	0.01396517233294917	0.0	0.016851585741566276	0.030816758074515446	0.016851585741566276	0.0
mp-1247595_Mn	0.0	0.036947463769714375	0.005218695093501498	0.036947463769714375	0.0	0.042166158863215876	0.005218695093501498	0.042166158863215876	0.0
mp-1247622_Mn	0.0	0.008988187410930385	0.04109594543852904	0.008988187410930385	0.0	0.03210775802759865	0.04109594543852904	0.03210775802759865	0.0
mp-1247642_Mn	0.0	0.0021596177979851107	0.0035229932368290497	0.0021596177979851107	0.0	0.00568261103481416	0.0035229932368290497	0.00568261103481416	0.0
mp-1247658_Mn	0.0	0.0005949650798029011	0.12174949387203077	0.0005949650798029011	0.0	0.12234445895183367	0.12174949387203077	0.12234445895183367	0.0
mp-1247700_Mn	0.0	0.014056707458286905	0.11087068301271367	0.014056707458286905	0.0	0.12492739047100059	0.11087068301271367	0.12492739047100059	0.0
mp-1568146_Mn	0.0	0.12439373774148246	0.15916673293344213	0.12439373774148246	0.0	0.28356047067492457	0.15916673293344213	0.28356047067492457	0.0
mp-505752_Mn	0.0	6.415938660649493e-06	7.031456930319248e-06	6.415938660649493e-06	0.0	1.344739559096874e-05	7.031456930319248e-06	1.344739559096874e-05	0.0
mp-725932_Mn	0.0	0.033684230204974054	0.16964454100120394	0.033684230204974054	0.0	0.13596031079622986	0.16964454100120394	0.13596031079622986	0.0
mp-754276_Mn	0.0	0.05253027072195133	0.029809519281762762	0.05253027072195133	0.0	0.0823397900037141	0.029809519281762762	0.0823397900037141	0.0
mp-754504_Mn	0.0	0.02925371914660462	0.17576841489423414	0.02925371914660462	0.0	0.14651469574762951	0.17576841489423414	0.14651469574762951	0.0
mp-755443_Mn	0.0	0.12261223308043437	0.17880928054931025	0.12261223308043437	0.0	0.056197047468875896	0.17880928054931025	0.056197047468875896	0.0
mp-755908_Mn	0.0	0.04908771481978512	0.02642017591220325	0.04908771481978512	0.0	0.02266753890758187	0.02642017591220325	0.02266753890758187	0.0
mp-756602_Mn	0.0	0.08774227115191145	0.08504653465567137	0.08774227115191145	0.0	0.17278880580758282	0.08504653465567137	0.17278880580758282	0.0
mp-757284_Mn	0.0	0.00238511858932215	0.011627547537296345	0.00238511858932215	0.0	0.009242428947974194	0.011627547537296345	0.009242428947974194	0.0
mp-764036_Mn	0.0	0.032819033945772076	0.017038111225019748	0.032819033945772076	0.0	0.049857145170791824	0.017038111225019748	0.049857145170791824	0.0
mp-769632_Mn	0.0	0.035020916226066956	0.017256184556155973	0.035020916226066956	0.0	0.017764731669910987	0.017256184556155973	0.017764731669910987	0.0
mp-771567_Mn	0.0	0.03654487718163984	0.1832334977812019	0.03654487718163984	0.0	0.14668862059956206	0.1832334977812019	0.14668862059956206	0.0
mp-771695_Mn	0.0	0.004424817062048745	0.0224182411199452	0.004424817062048745	0.0	0.017993424057896456	0.0224182411199452	0.017993424057896456	0.0
mp-771880_Mn	0.0	0.00184932118387673	0.009888828129705313	0.00184932118387673	0.0	0.008039506945828582	0.009888828129705313	0.008039506945828582	0.0
mp-772951_Mn	0.0	1.4879471205795515e-07	0.00221089611047112	1.4879471205795515e-07	0.0	0.0022110449051831777	0.00221089611047112	0.0022110449051831777	0.0
mp-773110_Mn	0.0	0.03787853685421687	0.18884687809850967	0.03787853685421687	0.0	0.1509683412442928	0.18884687809850967	0.1509683412442928	0.0
mp-775289_Mn	0.0	0.0028446782257783637	0.014293813121056199	0.0028446782257783637	0.0	0.011449134895277834	0.014293813121056199	0.011449134895277834	0.0
mp-775679_Mn	0.0	0.026319333222779063	0.14981507832777283	0.026319333222779063	0.0	0.1761344115505519	0.14981507832777283	0.1761344115505519	0.0
mp-864953_Mn	0.0	1.5547771059956108e-06	5.713034759916558e-06	1.5547771059956108e-06	0.0	4.158257653920947e-06	5.713034759916558e-06	4.158257653920947e-06	0.0
mp-1021695_V	0.0	0.3166652126753325	0.3406023802352402	0.3166652126753325	0.0	0.02393716755990767	0.3406023802352402	0.02393716755990767	0.0
mp-1031634_V	0.0	0.13403032564717327	2.324210760014303e-07	0.13403032564717327	0.0	0.13403055806824926	2.324210760014303e-07	0.13403055806824926	0.0
mp-1036803_V	0.0	6.627369970335567e-08	0.003074649314138603	6.627369970335567e-08	0.0	0.0030747155878383067	0.003074649314138603	0.0030747155878383067	0.0
mp-1044888_V	0.0	0.04300410116549113	0.021314593996626295	0.04300410116549113	0.0	0.021689507168864836	0.021314593996626295	0.021689507168864836	0.0
mp-1044931_V	0.0	0.09099664623006032	0.023441957927313864	0.09099664623006032	0.0	0.06755468830274645	0.023441957927313864	0.06755468830274645	0.0
mp-1101260_V	0.0	0.012420952052054682	0.10547864915372927	0.012420952052054682	0.0	0.09305769710167458	0.10547864915372927	0.09305769710167458	0.0
mp-1216375_V	0.0	1.9448055919335333e-06	0.05815086438754669	1.9448055919335333e-06	0.0	0.058148919581954756	0.05815086438754669	0.058148919581954756	0.0
mp-1216383_V	0.0	0.0017894272374317955	0.029991845559105248	0.0017894272374317955	0.0	0.02820241832167345	0.029991845559105248	0.02820241832167345	0.0
mp-1216389_V	0.0	0.006816847709223981	0.04212251375536613	0.006816847709223981	0.0	0.04893936146459011	0.04212251375536613	0.04893936146459011	0.0
mp-1216398_V	0.0	0.04159790469961753	0.045391795377506	0.04159790469961753	0.0	0.003793890677888469	0.045391795377506	0.003793890677888469	0.0
mp-1216482_V	0.0	0.004000667437531624	0.027481203445840013	0.004000667437531624	0.0	0.023480536008308392	0.027481203445840013	0.023480536008308392	0.0
mp-1216877_V	0.0	0.08250705802975482	0.041979243066535187	0.08250705802975482	0.0	0.12448630109629	0.041979243066535187	0.12448630109629	0.0
mp-1235154_V	0.0	0.3263123209572735	0.13220483767415936	0.3263123209572735	0.0	0.19410748328311417	0.13220483767415936	0.19410748328311417	0.0
mp-1235970_V	0.0	0.1351354710683638	0.05850297284662769	0.1351354710683638	0.0	0.1936384439149915	0.05850297284662769	0.1936384439149915	0.0
mp-1246656_V	0.0	0.10594093489614853	0.15569995054497235	0.10594093489614853	0.0	0.04975901564882382	0.15569995054497235	0.04975901564882382	0.0
mp-1306095_V	0.0	0.23625578984377577	0.14692845142593472	0.23625578984377577	0.0	0.08932733841784105	0.14692845142593472	0.08932733841784105	0.0
mp-2215802_V	0.0	0.3263417402639674	0.10316235341737802	0.3263417402639674	0.0	0.2231793868465894	0.10316235341737802	0.2231793868465894	0.0
mp-2215811_V	0.0	0.045265528653043126	0.05219109343446537	0.045265528653043126	0.0	0.006925564781422242	0.05219109343446537	0.006925564781422242	0.0
mp-2224999_V	0.0	0.01353652012211286	0.016038196559721773	0.01353652012211286	0.0	0.029574716681834635	0.016038196559721773	0.029574716681834635	0.0
mp-2226708_V	0.0	0.1987335052831192	0.11103964669669224	0.1987335052831192	0.0	0.08769385858642696	0.11103964669669224	0.08769385858642696	0.0
mp-2230483_V	0.0	0.1457332715580247	0.0019295604598732882	0.1457332715580247	0.0	0.147662832017898	0.0019295604598732882	0.147662832017898	0.0
mp-2241072_V	0.0	0.05017242859096313	0.030576134851617674	0.05017242859096313	0.0	0.0807485634425808	0.030576134851617674	0.0807485634425808	0.0
mp-2241091_V	0.0	0.014483322680028613	0.06495917473070344	0.014483322680028613	0.0	0.05047585205067482	0.06495917473070344	0.05047585205067482	0.0
mp-557660_V	0.0	0.18294625503854256	0.04724104009888952	0.18294625503854256	0.0	0.13570521493965304	0.04724104009888952	0.13570521493965304	0.0
mp-752491_V	0.0	0.04681131731350282	0.06777681174449143	0.04681131731350282	0.0	0.020965494430988618	0.06777681174449143	0.020965494430988618	0.0
mp-752903_V	0.0	0.09920923432383598	0.04814044674449213	0.09920923432383598	0.0	0.05106878757934385	0.04814044674449213	0.05106878757934385	0.0
mp-753589_V	0.0	0.05754192180789135	0.047345987946810046	0.05754192180789135	0.0	0.1048879097547014	0.047345987946810046	0.1048879097547014	0.0
mp-753686_V	0.0	0.039010602845908494	0.3050830747625885	0.039010602845908494	0.0	0.26607247191668004	0.3050830747625885	0.26607247191668004	0.0
mp-754015_V	0.0	0.14981953959190866	0.04317230823860922	0.14981953959190866	0.0	0.10664723135329944	0.04317230823860922	0.10664723135329944	0.0
mp-755134_V	0.0	0.038890925990867284	0.06928068271501113	0.038890925990867284	0.0	0.030389756724143853	0.06928068271501113	0.030389756724143853	0.0
mp-755402_V	0.0	0.07102259143320996	0.022776303962497038	0.07102259143320996	0.0	0.093798895395707	0.022776303962497038	0.093798895395707	0.0
mp-755604_V	0.0	0.03747235479488809	0.0028796054255367503	0.03747235479488809	0.0	0.03459274936935134	0.0028796054255367503	0.03459274936935134	0.0
mp-756728_V	0.0	0.1601400875814937	0.00041123033382193706	0.1601400875814937	0.0	0.16055131791531566	0.00041123033382193706	0.16055131791531566	0.0
mp-759380_V	0.0	0.13257933954325182	0.17301280548429646	0.13257933954325182	0.0	0.040433465941044626	0.17301280548429646	0.040433465941044626	0.0
mp-759864_V	0.0	0.039331005305641445	0.11454938920973541	0.039331005305641445	0.0	0.07521838390409397	0.11454938920973541	0.07521838390409397	0.0
mp-760963_V	0.0	0.010218077819819543	0.03248513867139766	0.010218077819819543	0.0	0.02226706085157812	0.03248513867139766	0.02226706085157812	0.0
mp-766000_V	0.0	0.011793395204447126	0.035068739000774576	0.011793395204447126	0.0	0.023275343796327452	0.035068739000774576	0.023275343796327452	0.0
mp-766001_V	0.0	0.21426547260451284	0.0004227566865334136	0.21426547260451284	0.0	0.21468822929104625	0.0004227566865334136	0.21468822929104625	0.0
mp-766011_V	0.0	0.039915810928957754	0.07135098588747048	0.039915810928957754	0.0	0.03143517495851273	0.07135098588747048	0.03143517495851273	0.0
mp-769611_V	0.0	0.08960855674511324	0.014195068213729865	0.08960855674511324	0.0	0.1038036249588431	0.014195068213729865	0.1038036249588431	0.0
mp-771696_V	0.0	0.0031956330007313146	0.015854816185768613	0.0031956330007313146	0.0	0.012659183185037299	0.015854816185768613	0.012659183185037299	0.0
mp-773510_V	0.0	0.3728666393986241	0.23993207889200638	0.3728666393986241	0.0	0.1329345605066177	0.23993207889200638	0.1329345605066177	0.0
mp-781740_V	0.0	0.039493878863246845	0.13901229449927754	0.039493878863246845	0.0	0.09951841563603069	0.13901229449927754	0.09951841563603069	0.0
mp-864953_V	0.0	2.131502294879814e-06	4.2909131018899655e-06	2.131502294879814e-06	0.0	2.1594108070101516e-06	4.2909131018899655e-06	2.1594108070101516e-06	0.0
mp-1029458_Zn	0.0	0.0646637449829923	0.009526548089932555	0.0646637449829923	0.0	0.07419029307292485	0.009526548089932555	0.07419029307292485	0.0
mp-1035830_Zn	0.0	0.09607350956385954	0.055955065406694975	0.09607350956385954	0.0	0.04011844415716457	0.055955065406694975	0.04011844415716457	0.0
mp-1037502_Zn	0.0	4.172168259628816e-07	0.003055976249060041	4.172168259628816e-07	0.0	0.003055559032234078	0.003055976249060041	0.003055559032234078	0.0
mp-1037573_Zn	0.0	2.6351158787696105e-07	0.138594763146987	2.6351158787696105e-07	0.0	0.13859502665857487	0.138594763146987	0.13859502665857487	0.0
mp-1043308_Zn	0.0	0.07133251135328862	0.15587235008690808	0.07133251135328862	0.0	0.08453983873361946	0.15587235008690808	0.08453983873361946	0.0
mp-1044021_Zn	0.0	0.15589438854354784	0.010054522314371138	0.15589438854354784	0.0	0.16594891085791896	0.010054522314371138	0.16594891085791896	0.0
mp-1044221_Zn	0.0	0.04033536012239567	0.028427619452213247	0.04033536012239567	0.0	0.011907740670182425	0.028427619452213247	0.011907740670182425	0.0
mp-1044311_Zn	0.0	0.04711418564984015	0.23240020498686645	0.04711418564984015	0.0	0.1852860193370263	0.23240020498686645	0.1852860193370263	0.0
mp-1044931_Zn	0.0	0.17932494644078853	0.024955009751307614	0.17932494644078853	0.0	0.20427995619209616	0.024955009751307614	0.20427995619209616	0.0
mp-1046856_Zn	0.0	0.04193383704550266	0.0421898825821471	0.04193383704550266	0.0	0.08412371962764977	0.0421898825821471	0.08412371962764977	0.0
mp-1049220_Zn	0.0	0.1359565741873479	0.04025827956931328	0.1359565741873479	0.0	0.09569829461803464	0.04025827956931328	0.09569829461803464	0.0
mp-1049223_Zn	0.0	0.18648691693583402	0.0519667284856035	0.18648691693583402	0.0	0.13452018845023053	0.0519667284856035	0.13452018845023053	0.0
mp-1049246_Zn	0.0	0.02788293038926768	0.019078387262241946	0.02788293038926768	0.0	0.008804543127025733	0.019078387262241946	0.008804543127025733	0.0
mp-1080726_Zn	0.0	4.4608612281870436e-07	0.07266854606586313	4.4608612281870436e-07	0.0	0.07266899215198595	0.07266854606586313	0.07266899215198595	0.0
mp-1207569_Zn	0.0	0.010991247439382944	0.04052560650494766	0.010991247439382944	0.0	0.029534359065564716	0.04052560650494766	0.029534359065564716	0.0
mp-1245698_Zn	0.0	0.008239674912825803	0.019749535855866317	0.008239674912825803	0.0	0.02798921076869212	0.019749535855866317	0.02798921076869212	0.0
mp-1277741_Zn	0.0	0.05495243510097636	0.035586177191932696	0.05495243510097636	0.0	0.019366257909043668	0.035586177191932696	0.019366257909043668	0.0
mp-1326240_Zn	0.0	0.041249606288319335	0.05962100642737244	0.041249606288319335	0.0	0.01837140013905311	0.05962100642737244	0.01837140013905311	0.0
mp-1328934_Zn	0.0	0.03148354276283203	0.14198495034806066	0.03148354276283203	0.0	0.11050140758522863	0.14198495034806066	0.11050140758522863	0.0
mp-1347006_Zn	0.0	0.07610369751057434	0.03802008769010706	0.07610369751057434	0.0	0.03808360982046728	0.03802008769010706	0.03808360982046728	0.0
mp-728124_Zn	0.0	0.020723093971942858	0.10573005741053886	0.020723093971942858	0.0	0.12645315138248173	0.10573005741053886	0.12645315138248173	0.0
mp-1009592_Fe	0.0	1.3105998450734487e-06	3.7468043305018413e-06	1.3105998450734487e-06	0.0	2.4362044854283926e-06	3.7468043305018413e-06	2.4362044854283926e-06	0.0
mp-1027877_Fe	0.0	0.18238794703352934	0.18938554918090827	0.18238794703352934	0.0	0.0069976021473789245	0.18938554918090827	0.0069976021473789245	0.0
mp-1035602_Fe	0.0	0.029571813300778692	0.09127975376503258	0.029571813300778692	0.0	0.12085156706581128	0.09127975376503258	0.12085156706581128	0.0
mp-1037531_Fe	0.0	1.2000101208559282e-07	0.08014067588596459	1.2000101208559282e-07	0.0	0.08014079588697667	0.08014067588596459	0.08014079588697667	0.0
mp-1037552_Fe	0.0	1.9278891848461247e-07	0.03198847362822459	1.9278891848461247e-07	0.0	0.03198866641714307	0.03198847362822459	0.03198866641714307	0.0
mp-1044021_Fe	0.0	0.06087138351316622	0.02030736002594954	0.06087138351316622	0.0	0.04056402348721668	0.02030736002594954	0.04056402348721668	0.0
mp-1096119_Fe	0.0	0.648059868754193	0.2121007282541306	0.648059868754193	0.0	0.4359591405000624	0.2121007282541306	0.4359591405000624	0.0
mp-1183416_Fe	0.0	3.2113622253457592e-06	1.2167769784663434e-07	3.2113622253457592e-06	0.0	3.089684527499125e-06	1.2167769784663434e-07	3.089684527499125e-06	0.0
mp-1206083_Fe	0.0	0.039630883461803657	0.008660922271327205	0.039630883461803657	0.0	0.030969961190476448	0.008660922271327205	0.030969961190476448	0.0
mp-1206130_Fe	0.0	0.2019516292365331	7.63116334032229e-07	0.2019516292365331	0.0	0.20195239235286713	7.63116334032229e-07	0.20195239235286713	0.0
mp-1216308_Fe	0.0	0.06540152519656145	0.04377389638705581	0.06540152519656145	0.0	0.10917542158361726	0.04377389638705581	0.10917542158361726	0.0
mp-1216482_Fe	0.0	0.002104318320680403	0.013333216716235708	0.002104318320680403	0.0	0.011228898395555305	0.013333216716235708	0.011228898395555305	0.0
mp-1226213_Fe	0.0	0.027760429217718596	0.020752001323715085	0.027760429217718596	0.0	0.007008427894003509	0.020752001323715085	0.007008427894003509	0.0
mp-1226245_Fe	0.0	0.07405254951106943	0.24557645154765	0.07405254951106943	0.0	0.17152390203658058	0.24557645154765	0.17152390203658058	0.0
mp-1226258_Fe	0.0	0.07782601607510989	0.06046521864857738	0.07782601607510989	0.0	0.017360797426532504	0.06046521864857738	0.017360797426532504	0.0
mp-1226290_Fe	0.0	0.025407963680400037	0.023840939587551825	0.025407963680400037	0.0	0.04924890326795186	0.023840939587551825	0.04924890326795186	0.0
mp-1228906_Fe	0.0	3.5712771221101e-08	0.11043295392077719	3.5712771221101e-08	0.0	0.11043298963354842	0.11043295392077719	0.11043298963354842	0.0
mp-1232352_Fe	0.0	0.020019550166903	0.004002434778233792	0.020019550166903	0.0	0.024021984945136788	0.004002434778233792	0.024021984945136788	0.0
mp-1246373_Fe	0.0	0.0006843922598794719	0.23098932166202799	0.0006843922598794719	0.0	0.23167371392190747	0.23098932166202799	0.23167371392190747	0.0
mp-1378182_Fe	0.0	0.016730861409238792	0.016166236980472815	0.016730861409238792	0.0	0.000564624428765978	0.016166236980472815	0.000564624428765978	0.0
mp-2223110_Fe	0.0	0.12754906541213276	0.13786465292405253	0.12754906541213276	0.0	0.010315587511919756	0.13786465292405253	0.010315587511919756	0.0
mp-24117_Fe	0.0	1.0038084804742888e-06	2.0160481588475956e-06	1.0038084804742888e-06	0.0	1.0122396783733069e-06	2.0160481588475956e-06	1.0122396783733069e-06	0.0
mp-631429_Fe	0.0	4.125628722391663e-08	9.449736133077866e-08	4.125628722391663e-08	0.0	1.357536485546953e-07	9.449736133077866e-08	1.357536485546953e-07	0.0
mp-752610_Fe	0.0	0.04460606355511349	0.09909586768449632	0.04460606355511349	0.0	0.05448980412938283	0.09909586768449632	0.05448980412938283	0.0
mp-754088_Fe	0.0	0.0007774811281457489	0.1098224217318476	0.0007774811281457489	0.0	0.11059990285999334	0.1098224217318476	0.11059990285999334	0.0
mp-754600_Fe	0.0	0.017367702984675795	0.19404721453524684	0.017367702984675795	0.0	0.21141491751992264	0.19404721453524684	0.21141491751992264	0.0
mp-754888_Fe	0.0	0.21062001315605855	0.20115346653855026	0.21062001315605855	0.0	0.009466546617508299	0.20115346653855026	0.009466546617508299	0.0
mp-754901_Fe	0.0	0.002771504859170362	0.027832205194887126	0.002771504859170362	0.0	0.030603710054057487	0.027832205194887126	0.030603710054057487	0.0
mp-754939_Fe	0.0	0.16854480873249095	0.005328745960550644	0.16854480873249095	0.0	0.16321606277194028	0.005328745960550644	0.16321606277194028	0.0
mp-754952_Fe	0.0	0.06786614256585102	0.06308157479561527	0.06786614256585102	0.0	0.1309477173614663	0.06308157479561527	0.1309477173614663	0.0
mp-755208_Fe	0.0	0.18658700346811846	0.22329289674470226	0.18658700346811846	0.0	0.03670589327658381	0.22329289674470226	0.03670589327658381	0.0
mp-758226_Fe	0.0	0.00045991597986969816	0.002131830042176164	0.00045991597986969816	0.0	0.0016719140623064658	0.002131830042176164	0.0016719140623064658	0.0
mp-760796_Fe	0.0	0.0005589279906946348	0.0027721622754810645	0.0005589279906946348	0.0	0.00221323428478643	0.0027721622754810645	0.00221323428478643	0.0
mp-763933_Fe	0.0	0.07367840158922705	0.03519809368686371	0.07367840158922705	0.0	0.03848030790236334	0.03519809368686371	0.03848030790236334	0.0
mp-767681_Fe	0.0	0.16318807134847085	0.1474483144204524	0.16318807134847085	0.0	0.01573975692801844	0.1474483144204524	0.01573975692801844	0.0
mp-769457_Fe	0.0	0.037291710339044506	0.008753377635789716	0.037291710339044506	0.0	0.04604508797483422	0.008753377635789716	0.04604508797483422	0.0
mp-777476_Fe	0.0	0.0005027077219600643	0.002363878849786349	0.0005027077219600643	0.0	0.0018611711278262845	0.002363878849786349	0.0018611711278262845	0.0
mp-850902_Fe	0.0	0.0008109325166830773	0.0038616369466510717	0.0008109325166830773	0.0	0.0030507044299679944	0.0038616369466510717	0.0030507044299679944	0.0
mp-1032331_Cu	0.0	0.059599663832775894	2.6472105928590235e-07	0.059599663832775894	0.0	0.059599399111716606	2.6472105928590235e-07	0.059599399111716606	0.0
mp-1035311_Cu	0.0	2.0397089970356927e-08	0.1936987686112079	2.0397089970356927e-08	0.0	0.19369874821411795	0.1936987686112079	0.19369874821411795	0.0
mp-1100441_Cu	0.0	3.0526126187534676e-06	3.504880507159508e-06	3.0526126187534676e-06	0.0	6.557493125912975e-06	3.504880507159508e-06	6.557493125912975e-06	0.0
mp-1178032_Cu	0.0	0.011548145692929257	0.02297956185501406	0.011548145692929257	0.0	0.011431416162084804	0.02297956185501406	0.011431416162084804	0.0
mp-1183696_Cu	0.0	2.0204254926785062e-07	7.988374331240098e-08	2.0204254926785062e-07	0.0	2.819262925802516e-07	7.988374331240098e-08	2.819262925802516e-07	0.0
mp-1199882_Cu	0.0	0.13278992114340366	0.04471139222125448	0.13278992114340366	0.0	0.08807852892214918	0.04471139222125448	0.08807852892214918	0.0
mp-1213944_Cu	0.0	0.24416102230145822	0.10870696748394311	0.24416102230145822	0.0	0.13545405481751513	0.10870696748394311	0.13545405481751513	0.0
mp-1226279_Cu	0.0	0.0015024714042805147	0.02525055483638975	0.0015024714042805147	0.0	0.023748083432109237	0.02525055483638975	0.023748083432109237	0.0
mp-1228892_Cu	0.0	0.3994205330548119	0.4039468342764688	0.3994205330548119	0.0	0.004526301221656893	0.4039468342764688	0.004526301221656893	0.0
mp-1238830_Cu	0.0	0.10977521461939935	0.12639903159230884	0.10977521461939935	0.0	0.016623816972909475	0.12639903159230884	0.016623816972909475	0.0
mp-1238853_Cu	0.0	0.001931922351779645	0.0014747912498162053	0.001931922351779645	0.0	0.00045713110196343986	0.0014747912498162053	0.00045713110196343986	0.0
mp-1238862_Cu	0.0	0.08412145701897752	0.09778757388303516	0.08412145701897752	0.0	0.01366611686405764	0.09778757388303516	0.01366611686405764	0.0
mp-1238887_Cu	0.0	0.038143156380865594	0.029640434868789922	0.038143156380865594	0.0	0.008502721512075673	0.029640434868789922	0.008502721512075673	0.0
mp-1239127_Cu	0.0	0.08587844975539789	0.2963675707663722	0.08587844975539789	0.0	0.21048912101097433	0.2963675707663722	0.21048912101097433	0.0
mp-1239128_Cu	0.0	0.027185352087779873	0.014682216168427728	0.027185352087779873	0.0	0.012503135919352145	0.014682216168427728	0.012503135919352145	0.0
mp-1239186_Cu	0.0	0.22336866341299927	0.032741784113986566	0.22336866341299927	0.0	0.1906268792990127	0.032741784113986566	0.1906268792990127	0.0
mp-1239210_Cu	0.0	0.03893151402401015	0.019634910980219897	0.03893151402401015	0.0	0.01929660304379025	0.019634910980219897	0.01929660304379025	0.0
mp-1239213_Cu	0.0	0.1582956670394074	0.016093183615731595	0.1582956670394074	0.0	0.1422024834236758	0.016093183615731595	0.1422024834236758	0.0
mp-555345_Cu	0.0	0.003082624435820914	0.07384993862662641	0.003082624435820914	0.0	0.0707673141908055	0.07384993862662641	0.0707673141908055	0.0
mp-775289_Cu	0.0	0.023861660172385814	0.1198835472370582	0.023861660172385814	0.0	0.09602188706467239	0.1198835472370582	0.09602188706467239	0.0
mp-1031430_Ti	0.0	0.07346569791362395	1.0530080504289816e-07	0.07346569791362395	0.0	0.073465803214429	1.0530080504289816e-07	0.073465803214429	0.0
mp-1034067_Ti	0.0	3.599765447504576e-07	0.08647793161934916	3.599765447504576e-07	0.0	0.08647757164280442	0.08647793161934916	0.08647757164280442	0.0
mp-1034272_Ti	0.0	0.10725863910167738	0.02257966624615378	0.10725863910167738	0.0	0.12983830534783117	0.02257966624615378	0.12983830534783117	0.0
mp-1044311_Ti	0.0	0.0027514900287934846	0.013623408424540573	0.0027514900287934846	0.0	0.010871918395747087	0.013623408424540573	0.010871918395747087	0.0
mp-1093769_Ti	0.0	0.16726568496785713	0.1312208620493663	0.16726568496785713	0.0	0.036044822918490815	0.1312208620493663	0.036044822918490815	0.0
mp-1097244_Ti	0.0	0.23975930989995142	0.08335720378497447	0.23975930989995142	0.0	0.15640210611497696	0.08335720378497447	0.15640210611497696	0.0
mp-1216865_Ti	0.0	0.0005807399542020264	0.0037188846304907364	0.0005807399542020264	0.0	0.004299624584692763	0.0037188846304907364	0.004299624584692763	0.0
mp-1217253_Ti	0.0	0.12947418965253196	0.12037482311384069	0.12947418965253196	0.0	0.24984901276637264	0.12037482311384069	0.24984901276637264	0.0
mp-1217256_Ti	0.0	0.010079156968811806	0.0665306667554571	0.010079156968811806	0.0	0.0766098237242689	0.0665306667554571	0.0766098237242689	0.0
mp-1218260_Ti	0.0	0.06875701450417235	0.006774823304338526	0.06875701450417235	0.0	0.07553183780851087	0.006774823304338526	0.07553183780851087	0.0
mp-1223017_Ti	0.0	0.020671784253295588	0.044318023530816444	0.020671784253295588	0.0	0.023646239277520853	0.044318023530816444	0.023646239277520853	0.0
mp-1227861_Ti	0.0	2.0558964708954882e-07	7.495949274599754e-07	2.0558964708954882e-07	0.0	5.440052803704267e-07	7.495949274599754e-07	5.440052803704267e-07	0.0
mp-1235154_Ti	0.0	1.7863059978600148e-07	0.19768171091737724	1.7863059978600148e-07	0.0	0.19768153228677746	0.19768171091737724	0.19768153228677746	0.0
mp-1235970_Ti	0.0	0.28444619450632763	0.012463505401942031	0.28444619450632763	0.0	0.2719826891043856	0.012463505401942031	0.2719826891043856	0.0
mp-1238830_Ti	0.0	0.016234419835215317	0.14115909417067515	0.016234419835215317	0.0	0.15739351400589047	0.14115909417067515	0.15739351400589047	0.0
mp-1238853_Ti	0.0	0.07473432310729439	0.05311631458445264	0.07473432310729439	0.0	0.02161800852284175	0.05311631458445264	0.02161800852284175	0.0
mp-1238875_Ti	0.0	0.10308211190562738	0.11711452514333491	0.10308211190562738	0.0	0.014032413237707526	0.11711452514333491	0.014032413237707526	0.0
mp-1238884_Ti	0.0	0.041690176157590984	0.08615195662446624	0.041690176157590984	0.0	0.12784213278205722	0.08615195662446624	0.12784213278205722	0.0
mp-1238887_Ti	0.0	0.09161085828797294	0.06562701584876784	0.09161085828797294	0.0	0.02598384243920509	0.06562701584876784	0.02598384243920509	0.0
mp-1238901_Ti	0.0	0.18155560094443754	0.2173439987901111	0.18155560094443754	0.0	0.035788397845673565	0.2173439987901111	0.035788397845673565	0.0
mp-1239186_Ti	0.0	0.0039092852685376715	0.17710997774118448	0.0039092852685376715	0.0	0.1732006924726468	0.17710997774118448	0.1732006924726468	0.0
mp-2215802_Ti	0.0	5.110082614359125e-08	0.10670465799566248	5.110082614359125e-08	0.0	0.10670470909648862	0.10670465799566248	0.10670470909648862	0.0
mp-2215811_Ti	0.0	0.005023147791839118	0.141898025428639	0.005023147791839118	0.0	0.1469211732204781	0.141898025428639	0.1469211732204781	0.0
mp-725932_Ti	0.0	9.774319221399341e-05	0.000474339104497565	9.774319221399341e-05	0.0	0.00037659591228357157	0.000474339104497565	0.00037659591228357157	0.0
mp-754105_Ti	0.0	0.007557427394586737	0.06301710979126054	0.007557427394586737	0.0	0.05545968239667381	0.06301710979126054	0.05545968239667381	0.0
mp-756280_Ti	0.0	0.019865475360121294	0.004051753901472425	0.019865475360121294	0.0	0.02391722926159372	0.004051753901472425	0.02391722926159372	0.0
mp-756669_Ti	0.0	0.01418128869906452	0.01993742060530476	0.01418128869906452	0.0	0.005756131906240238	0.01993742060530476	0.005756131906240238	0.0
mp-769457_Ti	0.0	0.019171565502638325	0.05543250736812749	0.019171565502638325	0.0	0.03626094186548917	0.05543250736812749	0.03626094186548917	0.0
mp-771567_Ti	0.0	0.0006159358135564649	0.0030940504603136753	0.0006159358135564649	0.0	0.0024781146467572107	0.0030940504603136753	0.0024781146467572107	0.0
mp-773110_Ti	0.0	0.0004521138042441488	0.0022704113759133555	0.0004521138042441488	0.0	0.0018182975716692067	0.0022704113759133555	0.0018182975716692067	0.0
mp-773510_Ti	0.0	1.505341334637347e-07	0.27206769419603505	1.505341334637347e-07	0.0	0.27206754366190156	0.27206769419603505	0.27206754366190156	0.0
mp-774450_Ti	0.0	0.0008765641970558705	0.004236424195793955	0.0008765641970558705	0.0	0.0033598599987380838	0.004236424195793955	0.0033598599987380838	0.0
mp-774760_Ti	0.0	4.248754449170787e-07	0.027524706686023352	4.248754449170787e-07	0.0	0.027524281810578435	0.027524706686023352	0.027524281810578435	0.0
mp-775994_Ti	0.0	0.0006948231378765759	0.003475890340142059	0.0006948231378765759	0.0	0.0027810672022654834	0.003475890340142059	0.0027810672022654834	0.0
mp-776002_Ti	0.0	0.00035651676126200875	0.0017657256706869687	0.00035651676126200875	0.0	0.00140920890942496	0.0017657256706869687	0.00140920890942496	0.0
mp-776286_Ti	0.0	0.0005871915439472307	0.0032602113042508804	0.0005871915439472307	0.0	0.00267301976030365	0.0032602113042508804	0.00267301976030365	0.0
mp-777498_Ti	0.0	0.0012376460189053335	0.006003713156791837	0.0012376460189053335	0.0	0.004766067137886504	0.006003713156791837	0.004766067137886504	0.0
mp-1007974_Ni	0.0	0.2641263348561618	9.778436967044642e-08	0.2641263348561618	0.0	0.2641262370717921	9.778436967044642e-08	0.2641262370717921	0.0
mp-1018161_Ni	0.0	1.4699833758811057e-06	3.5963630390397037e-06	1.4699833758811057e-06	0.0	2.1263796631585977e-06	3.5963630390397037e-06	2.1263796631585977e-06	0.0
mp-1028345_Ni	0.0	5.916161027478109e-07	0.04888724332723884	5.916161027478109e-07	0.0	0.048886651711136084	0.04888724332723884	0.048886651711136084	0.0
mp-1034790_Ni	0.0	0.038780665299624206	0.03954390978544444	0.038780665299624206	0.0	0.0007632444858202412	0.03954390978544444	0.0007632444858202412	0.0
mp-1036879_Ni	0.0	2.9370651296780084e-07	0.04197553192261991	2.9370651296780084e-07	0.0	0.041975238216106936	0.04197553192261991	0.041975238216106936	0.0
mp-1044071_Ni	0.0	0.09590874524795383	0.08714248640561947	0.09590874524795383	0.0	0.18305123165357332	0.08714248640561947	0.18305123165357332	0.0
mp-1048931_Ni	0.0	0.05251544145542531	0.006673430830697423	0.05251544145542531	0.0	0.05918887228612273	0.006673430830697423	0.05918887228612273	0.0
mp-1077077_Ni	0.0	0.004373126498286736	0.021842007163840764	0.004373126498286736	0.0	0.017468880665554028	0.021842007163840764	0.017468880665554028	0.0
mp-1079966_Ni	0.0	0.05264843362393686	0.07808598192639986	0.05264843362393686	0.0	0.025437548302463003	0.07808598192639986	0.025437548302463003	0.0
mp-10885_Ni	0.0	1.802976748640689e-07	2.0339824627640903e-06	1.802976748640689e-07	0.0	1.8536847879000213e-06	2.0339824627640903e-06	1.8536847879000213e-06	0.0
mp-1101260_Ni	0.0	0.0019268505890426106	0.010161950590015555	0.0019268505890426106	0.0	0.012088801179058166	0.010161950590015555	0.012088801179058166	0.0
mp-1173211_Ni	0.0	0.14854757128379756	0.08559513271538277	0.14854757128379756	0.0	0.23414270399918033	0.08559513271538277	0.23414270399918033	0.0
mp-1178023_Ni	0.0	0.19670624944827125	0.1127221540264931	0.19670624944827125	0.0	0.08398409542177813	0.1127221540264931	0.08398409542177813	0.0
mp-1221891_Ni	0.0	0.00020636217771397464	0.003588096700670988	0.00020636217771397464	0.0	0.003381734522957013	0.003588096700670988	0.003381734522957013	0.0
mp-1223481_Ni	0.0	0.2145242446318714	0.23202404307496524	0.2145242446318714	0.0	0.01749979844309386	0.23202404307496524	0.01749979844309386	0.0
mp-1226279_Ni	0.0	0.001276839957104186	0.021448016004736604	0.001276839957104186	0.0	0.020171176047632418	0.021448016004736604	0.020171176047632418	0.0
mp-1226434_Ni	0.0	0.08036852497203872	0.0373354184563289	0.08036852497203872	0.0	0.04303310651570982	0.0373354184563289	0.04303310651570982	0.0
mp-1228914_Ni	0.0	0.03430533473273029	0.023127232570368098	0.03430533473273029	0.0	0.0111781021623622	0.023127232570368098	0.0111781021623622	0.0
mp-1245402_Ni	0.0	0.0710984551328927	0.19338402794068071	0.0710984551328927	0.0	0.12228557280778803	0.19338402794068071	0.12228557280778803	0.0
mp-1881105_Ni	0.0	0.12441551730429634	0.014757777859952354	0.12441551730429634	0.0	0.10965773944434398	0.014757777859952354	0.10965773944434398	0.0
mp-631502_Ni	0.0	2.148416632467675e-06	2.5165272527575068e-06	2.148416632467675e-06	0.0	3.681106202898319e-07	2.5165272527575068e-06	3.681106202898319e-07	0.0
mp-690539_Ni	0.0	0.001281700842489016	0.007497867130332112	0.001281700842489016	0.0	0.006216166287843097	0.007497867130332112	0.006216166287843097	0.0
mp-754644_Ni	0.0	0.025638119348765403	0.04527550708261377	0.025638119348765403	0.0	0.01963738773384837	0.04527550708261377	0.01963738773384837	0.0
mp-755220_Ni	0.0	0.0935184799206137	0.07905081933522008	0.0935184799206137	0.0	0.014467660585393616	0.07905081933522008	0.014467660585393616	0.0
mp-757068_Ni	0.0	0.04658483860934182	0.04275387895357673	0.04658483860934182	0.0	0.0038309596557650977	0.04275387895357673	0.0038309596557650977	0.0
mp-757137_Ni	0.0	0.09239950939027079	0.205105633360973	0.09239950939027079	0.0	0.11270612397070222	0.205105633360973	0.11270612397070222	0.0
mp-757267_Ni	0.0	0.06723732492329522	0.04574576885410518	0.06723732492329522	0.0	0.1129830937774004	0.04574576885410518	0.1129830937774004	0.0
mp-777498_Ni	0.0	0.031995491954082744	0.15524690843793984	0.031995491954082744	0.0	0.12325141648385708	0.15524690843793984	0.12325141648385708	0.0
mp-850902_Ni	0.0	0.014866772771592613	0.0712791620022541	0.014866772771592613	0.0	0.0564123892306615	0.0712791620022541	0.0564123892306615	0.0
mp-1007974_Cr	0.0	5.238091894631542e-08	6.511718354300125e-08	5.238091894631542e-08	0.0	1.1749810248931666e-07	6.511718354300125e-08	1.1749810248931666e-07	0.0
mp-1008280_Cr	0.0	0.0002568921963595531	0.000246882996960013	0.0002568921963595531	0.0	0.0005037751933195661	0.000246882996960013	0.0005037751933195661	0.0
mp-1009079_Cr	0.0	9.311547889148928e-07	1.7058379697434264e-06	9.311547889148928e-07	0.0	2.636992758658319e-06	1.7058379697434264e-06	2.636992758658319e-06	0.0
mp-1009485_Cr	0.0	1.4436462739256036e-07	1.9671966302790531e-07	1.4436462739256036e-07	0.0	3.4108429042046565e-07	1.9671966302790531e-07	3.4108429042046565e-07	0.0
mp-1009592_Cr	0.0	8.607882255200164e-07	1.9833798849677383e-06	8.607882255200164e-07	0.0	1.1225916594477221e-06	1.9833798849677383e-06	1.1225916594477221e-06	0.0
mp-1010071_Cr	0.0	1.7875727187462e-08	3.031802271173673e-07	1.7875727187462e-08	0.0	3.210559543048293e-07	3.031802271173673e-07	3.210559543048293e-07	0.0
mp-1014993_Cr	0.0	2.4925012726305706e-07	2.6408115014735346e-07	2.4925012726305706e-07	0.0	5.133312774104105e-07	2.6408115014735346e-07	5.133312774104105e-07	0.0
mp-1014995_Cr	0.0	0.1005192272282662	0.03532741405872016	0.1005192272282662	0.0	0.06519181316954605	0.03532741405872016	0.06519181316954605	0.0
mp-1016059_Cr	0.0	0.1166644853886069	0.12181949541774274	0.1166644853886069	0.0	0.00515501002913585	0.12181949541774274	0.00515501002913585	0.0
mp-1016225_Cr	0.0	0.354732388656188	0.014752986951190362	0.354732388656188	0.0	0.3694853756073783	0.014752986951190362	0.3694853756073783	0.0
mp-1016300_Cr	0.0	0.24825954281198345	0.12053605901135135	0.24825954281198345	0.0	0.12772348380063211	0.12053605901135135	0.12772348380063211	0.0
mp-1016625_Cr	0.0	0.5665003450643907	0.5883998765990403	0.5665003450643907	0.0	0.02189953153464948	0.5883998765990403	0.02189953153464948	0.0
mp-1016653_Cr	0.0	0.6481659830142724	0.6682145028411789	0.6481659830142724	0.0	0.020048519826906395	0.6682145028411789	0.020048519826906395	0.0
mp-1016677_Cr	0.0	0.13942062941569308	0.27602183755433796	0.13942062941569308	0.0	0.13660120813864488	0.27602183755433796	0.13660120813864488	0.0
mp-1017080_Cr	0.0	0.05916612769460092	0.07866033928552585	0.05916612769460092	0.0	0.019494211590924928	0.07866033928552585	0.019494211590924928	0.0
mp-1017099_Cr	0.0	0.07955949267076508	0.03640461060198995	0.07955949267076508	0.0	0.04315488206877513	0.03640461060198995	0.04315488206877513	0.0
mp-1017197_Cr	0.0	0.1091173658875599	0.06953351805505902	0.1091173658875599	0.0	0.039583847832500886	0.06953351805505902	0.039583847832500886	0.0
mp-1017317_Cr	0.0	0.04898294727117725	0.011667069691304766	0.04898294727117725	0.0	0.03731587757987249	0.011667069691304766	0.03731587757987249	0.0
mp-1018066_Cr	0.0	0.017989385053978894	0.07202586458514855	0.017989385053978894	0.0	0.09001524963912745	0.07202586458514855	0.09001524963912745	0.0
mp-1018079_Cr	0.0	2.2999982054758047e-09	0.10819846425190097	2.2999982054758047e-09	0.0	0.10819846655189917	0.10819846425190097	0.10819846655189917	0.0
mp-1018082_Cr	0.0	3.584019781937685e-07	6.945609526717611e-06	3.584019781937685e-07	0.0	7.304011504911379e-06	6.945609526717611e-06	7.304011504911379e-06	0.0
mp-1018161_Cr	0.0	1.6851705576590792e-08	1.5577285611009114e-06	1.6851705576590792e-08	0.0	1.5408768555243207e-06	1.5577285611009114e-06	1.5408768555243207e-06	0.0
mp-1021275_Cr	0.0	0.06577026096425129	0.015621375732869385	0.06577026096425129	0.0	0.0501488852313819	0.015621375732869385	0.0501488852313819	0.0
mp-1021301_Cr	0.0	0.08146280855823369	0.04751692358168847	0.08146280855823369	0.0	0.03394588497654522	0.04751692358168847	0.03394588497654522	0.0
mp-1021379_Cr	0.0	0.08493694455225778	0.05488350940390879	0.08493694455225778	0.0	0.03005343514834899	0.05488350940390879	0.03005343514834899	0.0
mp-1021695_Cr	0.0	0.37709141841780774	0.39517318659706835	0.37709141841780774	0.0	0.018081768179260622	0.39517318659706835	0.018081768179260622	0.0
mp-1022627_Cr	0.0	0.5286543063308728	0.5574525573176791	0.5286543063308728	0.0	0.02879825098680623	0.5574525573176791	0.02879825098680623	0.0
mp-1022971_Cr	0.0	0.2434231834287109	0.2601750316989472	0.2434231834287109	0.0	0.01675184827023629	0.2601750316989472	0.01675184827023629	0.0
mp-1023158_Cr	0.0	0.2591176309758848	0.10299431931485241	0.2591176309758848	0.0	0.15612331166103238	0.10299431931485241	0.15612331166103238	0.0
mp-1023188_Cr	0.0	0.3184610612497627	0.3459445793025939	0.3184610612497627	0.0	0.027483518052831203	0.3459445793025939	0.027483518052831203	0.0
mp-1023490_Cr	0.0	9.685150876122743e-07	0.02396132140532009	9.685150876122743e-07	0.0	0.02396035289023248	0.02396132140532009	0.02396035289023248	0.0
mp-1024044_Cr	0.0	3.511543358526469e-07	1.122332603480599e-06	3.511543358526469e-07	0.0	1.4734869393332457e-06	1.122332603480599e-06	1.4734869393332457e-06	0.0
