parent_dir	m00	m01	m02	m10	m11	m12	m20	m21	m22
mp-1031430_Ti_interpolated_difference	0.0	0.03588472546685401	0.01688344017271577	0.03588472546685401	0.0	0.052768165639569785	0.01688344017271577	0.052768165639569785	0.0
mp-1034067_Ti_interpolated_difference	0.0	1.4410832208721131e-06	0.022690805805082346	1.4410832208721131e-06	0.0	0.02269224688830322	0.022690805805082346	0.02269224688830322	0.0
mp-1034272_Ti_interpolated_difference	0.0	0.04938404336511362	0.006198871313694912	0.04938404336511362	0.0	0.04318517205141871	0.006198871313694912	0.04318517205141871	0.0
mp-1044311_Ti_interpolated_difference	0.0	0.0003669787698438477	0.049771989693530264	0.0003669787698438477	0.0	0.04940501092368642	0.049771989693530264	0.04940501092368642	0.0
mp-1093769_Ti_interpolated_difference	0.0	0.10137774745767662	0.07953759345817821	0.10137774745767662	0.0	0.021840153999498426	0.07953759345817821	0.021840153999498426	0.0
mp-1097244_Ti_interpolated_difference	0.0	0.048406833122439506	0.0214645789029168	0.048406833122439506	0.0	0.02694225421952271	0.0214645789029168	0.02694225421952271	0.0
mp-1216865_Ti_interpolated_difference	0.0	0.0011462101496537574	0.044382125174409044	0.0011462101496537574	0.0	0.04323591502475529	0.044382125174409044	0.04323591502475529	0.0
mp-1217253_Ti_interpolated_difference	0.0	0.1946773149141929	0.1398850981980856	0.1946773149141929	0.0	0.3345624131122785	0.1398850981980856	0.3345624131122785	0.0
mp-1217256_Ti_interpolated_difference	0.0	0.0036803506647731243	0.04666034410316127	0.0036803506647731243	0.0	0.050340694767934395	0.04666034410316127	0.050340694767934395	0.0
mp-1218260_Ti_interpolated_difference	0.0	0.04047700304808318	0.01192095628727811	0.04047700304808318	0.0	0.052397959335361295	0.01192095628727811	0.052397959335361295	0.0
mp-1223017_Ti_interpolated_difference	0.0	0.0030974294571168306	0.03586546179134712	0.0030974294571168306	0.0	0.03896289124846395	0.03586546179134712	0.03896289124846395	0.0
mp-1227861_Ti_interpolated_difference	0.0	1.6923510806704203e-06	0.009258750479176	1.6923510806704203e-06	0.0	0.00925705812809533	0.009258750479176	0.00925705812809533	0.0
mp-1235154_Ti_interpolated_difference	0.0	1.8294818194642778e-06	0.017264017441466658	1.8294818194642778e-06	0.0	0.017262187959647197	0.017264017441466658	0.017262187959647197	0.0
mp-1235970_Ti_interpolated_difference	0.0	0.0789695480608104	0.024575701388794724	0.0789695480608104	0.0	0.05439384667201567	0.024575701388794724	0.05439384667201567	0.0
mp-1238830_Ti_interpolated_difference	0.0	0.005027257633709438	0.05464872193312506	0.005027257633709438	0.0	0.0596759795668345	0.05464872193312506	0.0596759795668345	0.0
mp-1238853_Ti_interpolated_difference	0.0	0.017592429702345223	0.03736781034844511	0.017592429702345223	0.0	0.01977538064609988	0.03736781034844511	0.01977538064609988	0.0
mp-1238875_Ti_interpolated_difference	0.0	0.027271548161270903	0.052074275795289185	0.027271548161270903	0.0	0.024802727634018282	0.052074275795289185	0.024802727634018282	0.0
mp-1238884_Ti_interpolated_difference	0.0	0.006975066754386033	0.05190721890437268	0.006975066754386033	0.0	0.058882285658758714	0.05190721890437268	0.058882285658758714	0.0
mp-1238887_Ti_interpolated_difference	0.0	0.02184331719337343	0.04057356292463895	0.02184331719337343	0.0	0.01873024573126552	0.04057356292463895	0.01873024573126552	0.0
mp-1238901_Ti_interpolated_difference	0.0	0.03769977658873515	0.011494276539196277	0.03769977658873515	0.0	0.02620550004953887	0.011494276539196277	0.02620550004953887	0.0
mp-1239186_Ti_interpolated_difference	0.0	0.0008963694184072031	0.06842655894820085	0.0008963694184072031	0.0	0.06753018952979364	0.06842655894820085	0.06753018952979364	0.0
mp-2215802_Ti_interpolated_difference	0.0	1.7795907684876863e-06	0.003805661915657881	1.7795907684876863e-06	0.0	0.0038074415064263682	0.003805661915657881	0.0038074415064263682	0.0
mp-2215811_Ti_interpolated_difference	0.0	0.001405489681514187	0.018350486112430613	0.001405489681514187	0.0	0.019755975793944797	0.018350486112430613	0.019755975793944797	0.0
mp-725932_Ti_interpolated_difference	0.0	1.3714728418236186e-05	0.047901723247659254	1.3714728418236186e-05	0.0	0.047915437976077495	0.047901723247659254	0.047915437976077495	0.0
mp-754105_Ti_interpolated_difference	0.0	0.005508035696342407	0.05679314191184415	0.005508035696342407	0.0	0.05128510621550174	0.05679314191184415	0.05128510621550174	0.0
mp-756280_Ti_interpolated_difference	0.0	0.011169448006099442	0.009186300388578776	0.011169448006099442	0.0	0.001983147617520665	0.009186300388578776	0.001983147617520665	0.0
mp-756669_Ti_interpolated_difference	0.0	0.009551036608784137	0.03500180594833755	0.009551036608784137	0.0	0.025450769339553415	0.03500180594833755	0.025450769339553415	0.0
mp-769457_Ti_interpolated_difference	0.0	0.010829945133634219	0.036310103386569544	0.010829945133634219	0.0	0.025480158252935328	0.036310103386569544	0.025480158252935328	0.0
mp-771567_Ti_interpolated_difference	0.0	7.289739861895881e-05	0.05429884700673295	7.289739861895881e-05	0.0	0.05422594960811399	0.05429884700673295	0.05422594960811399	0.0
mp-773110_Ti_interpolated_difference	0.0	5.92847194099103e-05	0.04744665101666831	5.92847194099103e-05	0.0	0.04750593573607822	0.04744665101666831	0.04750593573607822	0.0
mp-773510_Ti_interpolated_difference	0.0	1.8278019121359374e-06	0.03554579732391618	1.8278019121359374e-06	0.0	0.035543969522004046	0.03554579732391618	0.035543969522004046	0.0
mp-774450_Ti_interpolated_difference	0.0	0.0001151517719222349	0.04726230054010725	0.0001151517719222349	0.0	0.047377452312029486	0.04726230054010725	0.047377452312029486	0.0
mp-774760_Ti_interpolated_difference	0.0	1.584676316119208e-06	0.004273152806865577	1.584676316119208e-06	0.0	0.004274737483181696	0.004273152806865577	0.004274737483181696	0.0
mp-775994_Ti_interpolated_difference	0.0	8.099676298830465e-05	0.05425744952623913	8.099676298830465e-05	0.0	0.054176452763250824	0.05425744952623913	0.054176452763250824	0.0
mp-776002_Ti_interpolated_difference	0.0	3.6404837768324385e-05	0.053497520809263316	3.6404837768324385e-05	0.0	0.05346111597149499	0.053497520809263316	0.05346111597149499	0.0
mp-776286_Ti_interpolated_difference	0.0	5.628233758793899e-05	0.060131847560824	5.628233758793899e-05	0.0	0.060075565223236066	0.060131847560824	0.060075565223236066	0.0
mp-777498_Ti_interpolated_difference	0.0	0.00016383313311883128	0.04871964079195403	0.00016383313311883128	0.0	0.048555807658835194	0.04871964079195403	0.048555807658835194	0.0
mp-1031634_V_interpolated_difference	0.0	0.4165943903434131	0.19355245421620174	0.4165943903434131	0.0	0.22304193612721135	0.19355245421620174	0.22304193612721135	0.0
mp-1036803_V_interpolated_difference	0.0	0.021773803310617245	0.2390845319056941	0.021773803310617245	0.0	0.21731072859507683	0.2390845319056941	0.21731072859507683	0.0
mp-1216375_V_interpolated_difference	0.0	0.015334211094469212	0.4230351698390788	0.015334211094469212	0.0	0.4077009587446096	0.4230351698390788	0.4077009587446096	0.0
mp-1216383_V_interpolated_difference	0.0	0.006488688730658956	0.08954563521690163	0.006488688730658956	0.0	0.08305694648624268	0.08954563521690163	0.08305694648624268	0.0
mp-1216389_V_interpolated_difference	0.0	0.03109845790321407	0.045764503503594185	0.03109845790321407	0.0	0.07686296140680826	0.045764503503594185	0.07686296140680826	0.0
mp-1216398_V_interpolated_difference	0.0	0.0832519929892042	0.0926813988081321	0.0832519929892042	0.0	0.009429405818927903	0.0926813988081321	0.009429405818927903	0.0
mp-2226708_V_interpolated_difference	0.0	0.22884566201177053	0.24150962484639582	0.22884566201177053	0.0	0.012663962834625283	0.24150962484639582	0.012663962834625283	0.0
mp-752491_V_interpolated_difference	0.0	0.04045067158240754	0.039225689100449844	0.04045067158240754	0.0	0.07967636068285738	0.039225689100449844	0.07967636068285738	0.0
mp-753686_V_interpolated_difference	0.0	0.048261162097876606	0.23885883257956197	0.048261162097876606	0.0	0.19059767048168538	0.23885883257956197	0.19059767048168538	0.0
mp-755134_V_interpolated_difference	0.0	0.12029313297750122	0.02432355871318588	0.12029313297750122	0.0	0.09596957426431534	0.02432355871318588	0.09596957426431534	0.0
mp-756728_V_interpolated_difference	0.0	0.14301632623569518	0.09807426140968055	0.14301632623569518	0.0	0.04494206482601464	0.09807426140968055	0.04494206482601464	0.0
mp-759864_V_interpolated_difference	0.0	0.05567631403272942	0.3346006278457578	0.05567631403272942	0.0	0.27892431381302835	0.3346006278457578	0.27892431381302835	0.0
mp-760963_V_interpolated_difference	0.0	0.10209171442653853	0.5921548788492343	0.10209171442653853	0.0	0.4900631644226958	0.5921548788492343	0.4900631644226958	0.0
mp-766000_V_interpolated_difference	0.0	0.02712917053993747	0.07740632420199879	0.02712917053993747	0.0	0.10453549474193626	0.07740632420199879	0.10453549474193626	0.0
mp-766001_V_interpolated_difference	0.0	0.34572992421967597	0.13633753580908314	0.34572992421967597	0.0	0.20939238841059285	0.13633753580908314	0.20939238841059285	0.0
mp-766011_V_interpolated_difference	0.0	0.028095415376281536	0.14772911687868848	0.028095415376281536	0.0	0.11963370150240694	0.14772911687868848	0.11963370150240694	0.0
mp-771696_V_interpolated_difference	0.0	0.0032164191840346047	0.14861249010509262	0.0032164191840346047	0.0	0.1518289092891272	0.14861249010509262	0.1518289092891272	0.0
mp-864953_V_interpolated_difference	0.0	0.0003711669626490348	0.003855831184622474	0.0003711669626490348	0.0	0.0034846642219734394	0.003855831184622474	0.0034846642219734394	0.0
mp-18961_Sc_interpolated_difference	0.0	0.2459471187655705	0.5860618584701189	0.2459471187655705	0.0	0.3401147397045484	0.5860618584701189	0.3401147397045484	0.0
mp-1029458_Zn_interpolated_difference	0.0	0.3033224259923926	0.05829930239465071	0.3033224259923926	0.0	0.2450231235977419	0.05829930239465071	0.2450231235977419	0.0
mp-1037573_Zn_interpolated_difference	0.0	3.8626591098383394e-05	0.1589169207834517	3.8626591098383394e-05	0.0	0.15887829419235333	0.1589169207834517	0.15887829419235333	0.0
mp-1043308_Zn_interpolated_difference	0.0	0.17955361157456048	0.4888371881766167	0.17955361157456048	0.0	0.30928357660205624	0.4888371881766167	0.30928357660205624	0.0
mp-1044221_Zn_interpolated_difference	0.0	0.08769851343262923	0.0328674433746183	0.08769851343262923	0.0	0.12056595680724752	0.0328674433746183	0.12056595680724752	0.0
mp-1044311_Zn_interpolated_difference	0.0	0.05914867278615822	0.22458048036560513	0.05914867278615822	0.0	0.1654318075794469	0.22458048036560513	0.1654318075794469	0.0
mp-1046856_Zn_interpolated_difference	0.0	0.24594986452294684	0.45482587113266076	0.24594986452294684	0.0	0.7007757356556076	0.45482587113266076	0.7007757356556076	0.0
mp-1049220_Zn_interpolated_difference	0.0	0.6448204143382785	0.022845091566023712	0.6448204143382785	0.0	0.6219753227722548	0.022845091566023712	0.6219753227722548	0.0
mp-1049223_Zn_interpolated_difference	0.0	0.5139439383764279	0.03227726714036393	0.5139439383764279	0.0	0.48166667123606405	0.03227726714036393	0.48166667123606405	0.0
mp-1049246_Zn_interpolated_difference	0.0	0.168411109992381	0.08950296918401197	0.168411109992381	0.0	0.257914079176393	0.08950296918401197	0.257914079176393	0.0
mp-1207569_Zn_interpolated_difference	0.0	0.03137895515867366	0.14895465069540775	0.03137895515867366	0.0	0.11757569553673411	0.14895465069540775	0.11757569553673411	0.0
mp-1245698_Zn_interpolated_difference	0.0	0.06970525186820332	0.33301668279751745	0.06970525186820332	0.0	0.40272193466572076	0.33301668279751745	0.40272193466572076	0.0
mp-1277741_Zn_interpolated_difference	0.0	0.19866678129007856	0.2660973902571818	0.19866678129007856	0.0	0.06743060896710328	0.2660973902571818	0.06743060896710328	0.0
mp-1326240_Zn_interpolated_difference	0.0	0.11655969369293981	0.05610585825571816	0.11655969369293981	0.0	0.060453835437221645	0.05610585825571816	0.060453835437221645	0.0
mp-1328934_Zn_interpolated_difference	0.0	0.024699911653725648	0.05900349168897628	0.024699911653725648	0.0	0.03430358003525063	0.05900349168897628	0.03430358003525063	0.0
mp-1347006_Zn_interpolated_difference	0.0	0.2125048525826635	0.21821791286945727	0.2125048525826635	0.0	0.005713060286793769	0.21821791286945727	0.005713060286793769	0.0
mp-728124_Zn_interpolated_difference	0.0	0.049234027012879024	0.14929690527010664	0.049234027012879024	0.0	0.19853093228298566	0.14929690527010664	0.19853093228298566	0.0
mp-1035311_Cu_interpolated_difference	0.0	0.40172586885497064	0.6968747829629535	0.40172586885497064	0.0	0.29514891410798283	0.6968747829629535	0.29514891410798283	0.0
mp-1100441_Cu_interpolated_difference	0.0	0.09456223891169464	0.06850124565965117	0.09456223891169464	0.0	0.026060993252043484	0.06850124565965117	0.026060993252043484	0.0
mp-1226279_Cu_interpolated_difference	0.0	0.3518408320293135	0.214077744771628	0.3518408320293135	0.0	0.1377630872576855	0.214077744771628	0.1377630872576855	0.0
mp-1238830_Cu_interpolated_difference	0.0	0.14689717434389124	0.6209583173126695	0.14689717434389124	0.0	0.47406114296877827	0.6209583173126695	0.47406114296877827	0.0
mp-1007974_Cr_interpolated_difference	0.0	0.016522633166710002	3.8415487747246594e-07	0.016522633166710002	0.0	0.01652224901183253	3.8415487747246594e-07	0.01652224901183253	0.0
mp-1008280_Cr_interpolated_difference	0.0	0.009015015172077966	0.0007047443587879182	0.009015015172077966	0.0	0.009719759530865884	0.0007047443587879182	0.009719759530865884	0.0
mp-1009079_Cr_interpolated_difference	0.0	0.38207454401604224	2.218826640543391e-06	0.38207454401604224	0.0	0.38207232518940165	2.218826640543391e-06	0.38207232518940165	0.0
mp-1009485_Cr_interpolated_difference	0.0	0.12828004693765627	1.081989660881288e-06	0.12828004693765627	0.0	0.1282789649479954	1.081989660881288e-06	0.1282789649479954	0.0
mp-1009592_Cr_interpolated_difference	0.0	0.0006697457574300262	4.572817043746807e-05	0.0006697457574300262	0.0	0.0006240175869925581	4.572817043746807e-05	0.0006240175869925581	0.0
mp-1010071_Cr_interpolated_difference	0.0	0.009700286915469628	6.985056849629607e-07	0.009700286915469628	0.0	0.009699588409784665	6.985056849629607e-07	0.009699588409784665	0.0
mp-1014993_Cr_interpolated_difference	0.0	0.7041749999051871	1.7043781495036465e-05	0.7041749999051871	0.0	0.704157956123692	1.7043781495036465e-05	0.704157956123692	0.0
mp-1014995_Cr_interpolated_difference	0.0	0.19416781530481547	0.16127515648789467	0.19416781530481547	0.0	0.3554429717927101	0.16127515648789467	0.3554429717927101	0.0
mp-1016059_Cr_interpolated_difference	0.0	0.11198903790770684	0.5502108941077091	0.11198903790770684	0.0	0.6621999320154158	0.5502108941077091	0.6621999320154158	0.0
mp-1016677_Cr_interpolated_difference	0.0	0.028084845975927558	0.5448004553702892	0.028084845975927558	0.0	0.5167156093943617	0.5448004553702892	0.5167156093943617	0.0
mp-1018066_Cr_interpolated_difference	0.0	0.7229480902458044	0.6778106890826907	0.7229480902458044	0.0	0.045137401163113745	0.6778106890826907	0.045137401163113745	0.0
mp-1018082_Cr_interpolated_difference	0.0	0.16473677085025368	1.365465221107165e-05	0.16473677085025368	0.0	0.16475042550246477	1.365465221107165e-05	0.16475042550246477	0.0
mp-1021275_Cr_interpolated_difference	0.0	0.49496557971764776	0.10438466355862527	0.49496557971764776	0.0	0.5993502432762731	0.10438466355862527	0.5993502432762731	0.0
mp-1021379_Cr_interpolated_difference	0.0	0.4649877716117896	0.47727526199278186	0.4649877716117896	0.0	0.012287490380992225	0.47727526199278186	0.012287490380992225	0.0
mp-1023158_Cr_interpolated_difference	0.0	0.6264152140273124	0.5215342498084623	0.6264152140273124	0.0	0.10488096421885014	0.5215342498084623	0.10488096421885014	0.0
mp-1024044_Cr_interpolated_difference	0.0	0.5177942203871857	8.105634399000303e-06	0.5177942203871857	0.0	0.5177861147527867	8.105634399000303e-06	0.5177861147527867	0.0
mp-1025231_Cr_interpolated_difference	0.0	0.24993722298515206	0.35931893632998435	0.24993722298515206	0.0	0.6092561593151364	0.35931893632998435	0.6092561593151364	0.0
mp-1026546_Cr_interpolated_difference	0.0	0.39931771764030505	0.596137027589157	0.39931771764030505	0.0	0.19681930994885194	0.596137027589157	0.19681930994885194	0.0
mp-1026750_Cr_interpolated_difference	0.0	0.2837301292957009	0.5323070958315326	0.2837301292957009	0.0	0.24857696653583167	0.5323070958315326	0.24857696653583167	0.0
mp-1027877_Cr_interpolated_difference	0.0	0.5357532087955316	0.20488505562734236	0.5357532087955316	0.0	0.3308681531681892	0.20488505562734236	0.3308681531681892	0.0
mp-1029458_Cr_interpolated_difference	0.0	0.17217248666128315	0.4468050806171521	0.17217248666128315	0.0	0.2746325939558689	0.4468050806171521	0.2746325939558689	0.0
mp-1030818_Cr_interpolated_difference	0.0	0.5633702527977166	8.395260813976983e-06	0.5633702527977166	0.0	0.5633786480585306	8.395260813976983e-06	0.5633786480585306	0.0
mp-1030819_Cr_interpolated_difference	0.0	0.5019320491877122	6.915788981366757e-06	0.5019320491877122	0.0	0.5019251333987308	6.915788981366757e-06	0.5019251333987308	0.0
mp-1031027_Cr_interpolated_difference	0.0	0.1881872033509512	1.36691906070869e-05	0.1881872033509512	0.0	0.18820087254155832	1.36691906070869e-05	0.18820087254155832	0.0
mp-1031245_Cr_interpolated_difference	0.0	0.19154511893190057	7.614069802065906e-06	0.19154511893190057	0.0	0.1915375048620985	7.614069802065906e-06	0.1915375048620985	0.0
mp-1031634_Cr_interpolated_difference	0.0	0.06504411722059794	4.395656701381742e-06	0.06504411722059794	0.0	0.06503972156389655	4.395656701381742e-06	0.06503972156389655	0.0
mp-1031901_Cr_interpolated_difference	0.0	0.03408529433364345	5.354409427041545e-06	0.03408529433364345	0.0	0.03409064874307049	5.354409427041545e-06	0.03409064874307049	0.0
mp-1031928_Cr_interpolated_difference	0.0	0.040190725898775675	5.520397241893181e-06	0.040190725898775675	0.0	0.04019624629601757	5.520397241893181e-06	0.04019624629601757	0.0
mp-1031936_Cr_interpolated_difference	0.0	0.4646929367882274	4.247097256983749e-06	0.4646929367882274	0.0	0.4646886896909704	4.247097256983749e-06	0.4646886896909704	0.0
mp-1031979_Cr_interpolated_difference	0.0	0.1685434142379905	5.231744160501094e-06	0.1685434142379905	0.0	0.16853818249382999	5.231744160501094e-06	0.16853818249382999	0.0
mp-1032010_Cr_interpolated_difference	0.0	0.13665205055333238	7.045911515220285e-06	0.13665205055333238	0.0	0.13664500464181717	7.045911515220285e-06	0.13664500464181717	0.0
mp-1032032_Cr_interpolated_difference	0.0	0.5751342608881306	3.900585460881957e-06	0.5751342608881306	0.0	0.5751303603026697	3.900585460881957e-06	0.5751303603026697	0.0
mp-1032331_Cr_interpolated_difference	0.0	0.4203645167381162	3.95728835319071e-06	0.4203645167381162	0.0	0.420360559449763	3.95728835319071e-06	0.420360559449763	0.0
mp-1033034_Cr_interpolated_difference	0.0	0.6868549533548709	5.27610355524053e-06	0.6868549533548709	0.0	0.6868496772513156	5.27610355524053e-06	0.6868496772513156	0.0
mp-1033371_Cr_interpolated_difference	0.0	0.6456144618812681	6.5277204426672625e-06	0.6456144618812681	0.0	0.6456079341608255	6.5277204426672625e-06	0.6456079341608255	0.0
mp-1033378_Cr_interpolated_difference	0.0	0.4905218628689201	2.971427806181497e-06	0.4905218628689201	0.0	0.4905188914411139	2.971427806181497e-06	0.4905188914411139	0.0
mp-1033435_Cr_interpolated_difference	0.0	0.4020704115590339	3.925319917854851e-06	0.4020704115590339	0.0	0.4020743368789517	3.925319917854851e-06	0.4020743368789517	0.0
mp-1033461_Cr_interpolated_difference	0.0	0.0390386499741689	4.464967721822362e-06	0.0390386499741689	0.0	0.03904311494189072	4.464967721822362e-06	0.03904311494189072	0.0
mp-1033868_Cr_interpolated_difference	0.0	0.5601840141541586	0.035280538237770886	0.5601840141541586	0.0	0.5249034759163878	0.035280538237770886	0.5249034759163878	0.0
mp-1035006_Cr_interpolated_difference	0.0	0.6187416450775689	0.3029311132655326	0.6187416450775689	0.0	0.3158105318120362	0.3029311132655326	0.3158105318120362	0.0
mp-1035311_Cr_interpolated_difference	0.0	0.6203952863655007	0.26486342941084196	0.6203952863655007	0.0	0.3555318569546588	0.26486342941084196	0.3555318569546588	0.0
mp-1035830_Cr_interpolated_difference	0.0	0.16591766296399763	0.2981017254180934	0.16591766296399763	0.0	0.46401938838209095	0.2981017254180934	0.46401938838209095	0.0
mp-1035863_Cr_interpolated_difference	0.0	0.6345970642647538	0.5719843949811255	0.6345970642647538	0.0	0.06261266928362826	0.5719843949811255	0.06261266928362826	0.0
mp-1037480_Cr_interpolated_difference	0.0	0.42018043770146446	0.06150081644074767	0.42018043770146446	0.0	0.48168125414221213	0.06150081644074767	0.48168125414221213	0.0
mp-1037573_Cr_interpolated_difference	0.0	0.5134601013708885	0.3127013164334259	0.5134601013708885	0.0	0.20075878493746258	0.3127013164334259	0.20075878493746258	0.0
mp-1038744_Cr_interpolated_difference	0.0	0.5103984899369178	0.40460053243603844	0.5103984899369178	0.0	0.10579795750087939	0.40460053243603844	0.10579795750087939	0.0
mp-1041606_Cr_interpolated_difference	0.0	0.2716258672847474	0.15156572418431044	0.2716258672847474	0.0	0.12006014310043697	0.15156572418431044	0.12006014310043697	0.0
mp-1041713_Cr_interpolated_difference	0.0	0.220810438202643	0.1631029349169881	0.220810438202643	0.0	0.3839133731196311	0.1631029349169881	0.3839133731196311	0.0
mp-1041862_Cr_interpolated_difference	0.0	0.08834163927978425	0.14392490167006766	0.08834163927978425	0.0	0.2322665409498519	0.14392490167006766	0.2322665409498519	0.0
mp-1042644_Cr_interpolated_difference	0.0	0.45118758739788	0.2818155377671808	0.45118758739788	0.0	0.7330031251650608	0.2818155377671808	0.7330031251650608	0.0
mp-1043308_Cr_interpolated_difference	0.0	0.37070622921505997	0.08625411217363192	0.37070622921505997	0.0	0.4569603413886919	0.08625411217363192	0.4569603413886919	0.0
mp-1043356_Cr_interpolated_difference	0.0	0.1981119587983469	0.03124196654621925	0.1981119587983469	0.0	0.16686999225212762	0.03124196654621925	0.16686999225212762	0.0
mp-1044311_Cr_interpolated_difference	0.0	0.3836549919849522	0.0198694152142855	0.3836549919849522	0.0	0.40352440719923766	0.0198694152142855	0.40352440719923766	0.0
mp-1044931_Cr_interpolated_difference	0.0	0.5662948145354074	0.04880784755186497	0.5662948145354074	0.0	0.5174869669835425	0.04880784755186497	0.5174869669835425	0.0
mp-1044938_Cr_interpolated_difference	0.0	0.42929404835394486	0.03872043315011381	0.42929404835394486	0.0	0.46801448150405867	0.03872043315011381	0.46801448150405867	0.0
mp-1045314_Cr_interpolated_difference	0.0	0.17939367649010585	0.07514183721213419	0.17939367649010585	0.0	0.25453551370224003	0.07514183721213419	0.25453551370224003	0.0
mp-1046448_Cr_interpolated_difference	0.0	0.5543111850269561	0.008472248402619004	0.5543111850269561	0.0	0.5458389366243371	0.008472248402619004	0.5458389366243371	0.0
mp-1046856_Cr_interpolated_difference	0.0	0.29738858021008435	0.10977792419026076	0.29738858021008435	0.0	0.40716650440034513	0.10977792419026076	0.40716650440034513	0.0
mp-1047222_Cr_interpolated_difference	0.0	0.5874477523490564	0.05794428006880365	0.5874477523490564	0.0	0.5295034722802527	0.05794428006880365	0.5295034722802527	0.0
mp-1047859_Cr_interpolated_difference	0.0	0.3393622329915696	0.012086221360696781	0.3393622329915696	0.0	0.3514484543522664	0.012086221360696781	0.3514484543522664	0.0
mp-1048114_Cr_interpolated_difference	0.0	0.32514181643964074	0.076049952903762	0.32514181643964074	0.0	0.4011917693434028	0.076049952903762	0.4011917693434028	0.0
mp-1048921_Cr_interpolated_difference	0.0	0.6550523995391975	0.050892634419485196	0.6550523995391975	0.0	0.6041597651197123	0.050892634419485196	0.6041597651197123	0.0
mp-1049223_Cr_interpolated_difference	0.0	0.4735555276938932	0.005116047444574443	0.4735555276938932	0.0	0.46843948024931875	0.005116047444574443	0.46843948024931875	0.0
mp-1049246_Cr_interpolated_difference	0.0	0.3943883452681536	0.0495112664682465	0.3943883452681536	0.0	0.4438996117364001	0.0495112664682465	0.4438996117364001	0.0
mp-1059289_Cr_interpolated_difference	0.0	0.5191093251156551	0.3955477631536885	0.5191093251156551	0.0	0.12356156196196655	0.3955477631536885	0.12356156196196655	0.0
mp-1070789_Cr_interpolated_difference	0.0	0.5515636593948468	0.00783605959875772	0.5515636593948468	0.0	0.543727599796089	0.00783605959875772	0.543727599796089	0.0
mp-1077077_Cr_interpolated_difference	0.0	0.07968872702607342	7.37614039028131e-06	0.07968872702607342	0.0	0.07969610316646371	7.37614039028131e-06	0.07969610316646371	0.0
mp-1077939_Cr_interpolated_difference	0.0	0.43832194871175084	0.021455193406119587	0.43832194871175084	0.0	0.4597771421178704	0.021455193406119587	0.4597771421178704	0.0
mp-1079560_Cr_interpolated_difference	0.0	0.15092751818697192	2.386770671156537e-06	0.15092751818697192	0.0	0.15092990495764308	2.386770671156537e-06	0.15092990495764308	0.0
mp-1080664_Cr_interpolated_difference	0.0	0.1778365641771544	0.044036182418190545	0.1778365641771544	0.0	0.13380038175896386	0.044036182418190545	0.13380038175896386	0.0
mp-1080726_Cr_interpolated_difference	0.0	0.5414222514313517	6.283063903606103e-06	0.5414222514313517	0.0	0.5414159683674481	6.283063903606103e-06	0.5414159683674481	0.0
mp-1084823_Cr_interpolated_difference	0.0	0.6160701381432776	0.03637422306516446	0.6160701381432776	0.0	0.5796959150781131	0.03637422306516446	0.5796959150781131	0.0
mp-10885_Cr_interpolated_difference	0.0	0.0744769665034989	2.00128128991099e-06	0.0744769665034989	0.0	0.07447896778478881	2.00128128991099e-06	0.07447896778478881	0.0
mp-1095185_Cr_interpolated_difference	0.0	0.4308514614860749	4.897357615781442e-06	0.4308514614860749	0.0	0.4308465641284591	4.897357615781442e-06	0.4308465641284591	0.0
mp-1095708_Cr_interpolated_difference	0.0	0.4973655430534701	0.4040532739332048	0.4973655430534701	0.0	0.09331226912026526	0.4040532739332048	0.09331226912026526	0.0
mp-1095907_Cr_interpolated_difference	0.0	0.5522122670121699	0.05644903823478077	0.5522122670121699	0.0	0.49576322877738915	0.05644903823478077	0.49576322877738915	0.0
mp-1096119_Cr_interpolated_difference	0.0	0.10755287939800753	0.06061162812082618	0.10755287939800753	0.0	0.16816450751883372	0.06061162812082618	0.16816450751883372	0.0
mp-1096638_Cr_interpolated_difference	0.0	0.3931957962294253	0.06270846914701278	0.3931957962294253	0.0	0.3304873270824125	0.06270846914701278	0.3304873270824125	0.0
mp-1096909_Cr_interpolated_difference	0.0	0.7485987299387498	0.05734306186964629	0.7485987299387498	0.0	0.6912556680691034	0.05734306186964629	0.6912556680691034	0.0
mp-1097244_Cr_interpolated_difference	0.0	0.08100107109094189	0.1519423701987524	0.08100107109094189	0.0	0.07094129910781051	0.1519423701987524	0.07094129910781051	0.0
mp-1097254_Cr_interpolated_difference	0.0	0.40973273137730315	0.08062283892086257	0.40973273137730315	0.0	0.32910989245644057	0.08062283892086257	0.32910989245644057	0.0
mp-1097306_Cr_interpolated_difference	0.0	0.3002209747620522	0.24334381261203095	0.3002209747620522	0.0	0.05687716215002124	0.24334381261203095	0.05687716215002124	0.0
mp-1099808_Cr_interpolated_difference	0.0	0.703294397019981	1.7577641376621822e-06	0.703294397019981	0.0	0.7032926392558433	1.7577641376621822e-06	0.7032926392558433	0.0
mp-1100441_Cr_interpolated_difference	0.0	0.719875520627569	7.121423840397778e-05	0.719875520627569	0.0	0.719946734865973	7.121423840397778e-05	0.719946734865973	0.0
mp-1101152_Cr_interpolated_difference	0.0	0.12906242697451098	0.4483112967320439	0.12906242697451098	0.0	0.5773737237065549	0.4483112967320439	0.5773737237065549	0.0
mp-1101260_Cr_interpolated_difference	0.0	0.4591459575641104	0.020824923432069296	0.4591459575641104	0.0	0.4799708809961797	0.020824923432069296	0.4799708809961797	0.0
mp-1101597_Cr_interpolated_difference	0.0	0.40711598409242794	0.06059829025423935	0.40711598409242794	0.0	0.4677142743466673	0.06059829025423935	0.4677142743466673	0.0
mp-1101604_Cr_interpolated_difference	0.0	0.4210792200111207	0.12701130431926946	0.4210792200111207	0.0	0.2940679156918512	0.12701130431926946	0.2940679156918512	0.0
mp-1102342_Cr_interpolated_difference	0.0	0.48966819107023185	0.2686037073175685	0.48966819107023185	0.0	0.2210644837526634	0.2686037073175685	0.2210644837526634	0.0
mp-1102645_Cr_interpolated_difference	0.0	0.02295016554828347	0.29700275983937807	0.02295016554828347	0.0	0.2740525942910946	0.29700275983937807	0.2740525942910946	0.0
mp-1102834_Cr_interpolated_difference	0.0	0.14896724834683003	0.15018436364281962	0.14896724834683003	0.0	0.2991516119896497	0.15018436364281962	0.2991516119896497	0.0
mp-1105351_Cr_interpolated_difference	0.0	0.4304017387635009	0.030289404181274338	0.4304017387635009	0.0	0.46069114294477526	0.030289404181274338	0.46069114294477526	0.0
mp-1105788_Cr_interpolated_difference	0.0	0.5516580555108683	0.11773727514444084	0.5516580555108683	0.0	0.6693953306553092	0.11773727514444084	0.6693953306553092	0.0
mp-1106046_Cr_interpolated_difference	0.0	0.441060393331066	0.2750246651631883	0.441060393331066	0.0	0.7160850584942543	0.2750246651631883	0.7160850584942543	0.0
mp-1110625_Cr_interpolated_difference	0.0	0.3745474158937741	6.374464087551583e-06	0.3745474158937741	0.0	0.3745410414296865	6.374464087551583e-06	0.3745410414296865	0.0
mp-1111094_Cr_interpolated_difference	0.0	0.35554343649652964	5.358674127095319e-06	0.35554343649652964	0.0	0.35553807782240254	5.358674127095319e-06	0.35553807782240254	0.0
mp-1111376_Cr_interpolated_difference	0.0	0.3613350440341712	3.5145198774340662e-06	0.3613350440341712	0.0	0.3613315295142938	3.5145198774340662e-06	0.3613315295142938	0.0
mp-1111695_Cr_interpolated_difference	0.0	0.38997697175460255	2.7805716862878607e-05	0.38997697175460255	0.0	0.3900047774714654	2.7805716862878607e-05	0.3900047774714654	0.0
mp-1111927_Cr_interpolated_difference	0.0	0.3370643617617666	4.5609068767338e-06	0.3370643617617666	0.0	0.33705980085488985	4.5609068767338e-06	0.33705980085488985	0.0
mp-1112287_Cr_interpolated_difference	0.0	0.35882013250224903	7.876186894273248e-06	0.35882013250224903	0.0	0.3588122563153548	7.876186894273248e-06	0.3588122563153548	0.0
mp-1113631_Cr_interpolated_difference	0.0	0.38798876248531355	2.6582602739061716e-05	0.38798876248531355	0.0	0.3879621798825745	2.6582602739061716e-05	0.3879621798825745	0.0
mp-1157256_Cr_interpolated_difference	0.0	0.21460376869277178	0.035504405668079074	0.21460376869277178	0.0	0.25010817436085087	0.035504405668079074	0.25010817436085087	0.0
mp-1173211_Cr_interpolated_difference	0.0	0.33775669243011996	0.27231378530474826	0.33775669243011996	0.0	0.6100704777348682	0.27231378530474826	0.6100704777348682	0.0
mp-1173822_Cr_interpolated_difference	0.0	0.49066814387130264	0.013990714353433992	0.49066814387130264	0.0	0.4766774295178686	0.013990714353433992	0.4766774295178686	0.0
mp-1176794_Cr_interpolated_difference	0.0	0.40605564500616503	0.03955402485982697	0.40605564500616503	0.0	0.44560966986599204	0.03955402485982697	0.44560966986599204	0.0
mp-1178034_Cr_interpolated_difference	0.0	0.39962477015036585	0.1353611362247562	0.39962477015036585	0.0	0.2642636339256097	0.1353611362247562	0.2642636339256097	0.0
mp-1178406_Cr_interpolated_difference	0.0	0.3366995298748027	0.09364436901217725	0.3366995298748027	0.0	0.2430551608626255	0.09364436901217725	0.2430551608626255	0.0
mp-1178412_Cr_interpolated_difference	0.0	0.5946331527389357	0.015464634586464769	0.5946331527389357	0.0	0.579168518152471	0.015464634586464769	0.579168518152471	0.0
mp-1179963_Cr_interpolated_difference	0.0	0.26191331481852237	0.2177473588081773	0.26191331481852237	0.0	0.04416595601034506	0.2177473588081773	0.04416595601034506	0.0
mp-1180005_Cr_interpolated_difference	0.0	0.3770656337581905	4.400119949715493e-06	0.3770656337581905	0.0	0.37706123363824084	4.400119949715493e-06	0.37706123363824084	0.0
mp-1180782_Cr_interpolated_difference	0.0	0.19891716444795757	0.0569397260080807	0.19891716444795757	0.0	0.14197743843987687	0.0569397260080807	0.14197743843987687	0.0
mp-1183416_Cr_interpolated_difference	0.0	0.0044094580199454956	1.2855671213833621e-06	0.0044094580199454956	0.0	0.004410743587066879	1.2855671213833621e-06	0.004410743587066879	0.0
mp-1183679_Cr_interpolated_difference	0.0	0.3700373485793119	3.28429483285509e-06	0.3700373485793119	0.0	0.3700340642844791	3.28429483285509e-06	0.3700340642844791	0.0
mp-1183690_Cr_interpolated_difference	0.0	0.7027122296774576	5.42918494156495e-05	0.7027122296774576	0.0	0.702657937828042	5.42918494156495e-05	0.702657937828042	0.0
mp-1183702_Cr_interpolated_difference	0.0	0.3195637168999609	0.013718760327757092	0.3195637168999609	0.0	0.3058449565722038	0.013718760327757092	0.3058449565722038	0.0
mp-1184925_Cr_interpolated_difference	0.0	0.40435530753664223	4.1039307131524555e-06	0.40435530753664223	0.0	0.4043512036059291	4.1039307131524555e-06	0.4043512036059291	0.0
mp-1185306_Cr_interpolated_difference	0.0	0.22094046556502064	1.1402669584293056e-06	0.22094046556502064	0.0	0.2209393252980622	1.1402669584293056e-06	0.2209393252980622	0.0
mp-1185788_Cr_interpolated_difference	0.0	0.6246087743116626	0.097019323343413	0.6246087743116626	0.0	0.7216280976550755	0.097019323343413	0.7216280976550755	0.0
mp-1186203_Cr_interpolated_difference	0.0	0.2902845534105559	2.652541969074009e-06	0.2902845534105559	0.0	0.29028190086858685	2.652541969074009e-06	0.29028190086858685	0.0
mp-1189915_Cr_interpolated_difference	0.0	0.5234427708740346	0.05100705807063534	0.5234427708740346	0.0	0.5744498289446699	0.05100705807063534	0.5744498289446699	0.0
mp-1190293_Cr_interpolated_difference	0.0	0.6024618870829155	0.344624912208241	0.6024618870829155	0.0	0.25783697487467455	0.344624912208241	0.25783697487467455	0.0
mp-1191063_Cr_interpolated_difference	0.0	0.6661674414588938	0.23348017342786193	0.6661674414588938	0.0	0.43268726803103186	0.23348017342786193	0.43268726803103186	0.0
mp-1191316_Cr_interpolated_difference	0.0	0.6811862607576484	0.2753442695647964	0.6811862607576484	0.0	0.4058419911928521	0.2753442695647964	0.4058419911928521	0.0
mp-1191669_Cr_interpolated_difference	0.0	0.6593471433934195	0.2528905077263104	0.6593471433934195	0.0	0.40645663566710916	0.2528905077263104	0.40645663566710916	0.0
mp-1191696_Cr_interpolated_difference	0.0	0.44888033922344084	0.04296791275624702	0.44888033922344084	0.0	0.49184825197968784	0.04296791275624702	0.49184825197968784	0.0
mp-1191709_Cr_interpolated_difference	0.0	0.5054219615086677	0.014890732284195678	0.5054219615086677	0.0	0.49053122922447195	0.014890732284195678	0.49053122922447195	0.0
mp-1191796_Cr_interpolated_difference	0.0	0.6831809583862483	0.2547087314747494	0.6831809583862483	0.0	0.4284722269114989	0.2547087314747494	0.4284722269114989	0.0
mp-1191816_Cr_interpolated_difference	0.0	0.7077046969691034	0.25492074165347517	0.7077046969691034	0.0	0.45278395531562826	0.25492074165347517	0.45278395531562826	0.0
mp-1192242_Cr_interpolated_difference	0.0	0.6758630700189736	0.2576445860869547	0.6758630700189736	0.0	0.41821848393201894	0.2576445860869547	0.41821848393201894	0.0
mp-1194673_Cr_interpolated_difference	0.0	0.17057610633737616	0.027119556802788696	0.17057610633737616	0.0	0.19769566314016485	0.027119556802788696	0.19769566314016485	0.0
mp-1195734_Cr_interpolated_difference	0.0	0.3805969032622367	0.029349708432493547	0.3805969032622367	0.0	0.4099466116947303	0.029349708432493547	0.4099466116947303	0.0
mp-1196749_Cr_interpolated_difference	0.0	0.18935608998479775	0.022456187064637652	0.18935608998479775	0.0	0.2118122770494354	0.022456187064637652	0.2118122770494354	0.0
mp-1196895_Cr_interpolated_difference	0.0	0.35876793572016535	0.15006566341861963	0.35876793572016535	0.0	0.20870227230154575	0.15006566341861963	0.20870227230154575	0.0
mp-1198076_Cr_interpolated_difference	0.0	0.14575235545136087	0.40524815684762083	0.14575235545136087	0.0	0.5510005122989817	0.40524815684762083	0.5510005122989817	0.0
mp-1202356_Cr_interpolated_difference	0.0	0.15676905930695467	0.006853102695409278	0.15676905930695467	0.0	0.1499159566115454	0.006853102695409278	0.1499159566115454	0.0
mp-1203990_Cr_interpolated_difference	0.0	0.3688786768684935	0.06166922302120536	0.3688786768684935	0.0	0.4305478998896989	0.06166922302120536	0.4305478998896989	0.0
mp-1204482_Cr_interpolated_difference	0.0	0.3947172695929907	0.05565404286927626	0.3947172695929907	0.0	0.3390632267237144	0.05565404286927626	0.3390632267237144	0.0
mp-1205573_Cr_interpolated_difference	0.0	0.3130250177846398	0.3162553218705619	0.3130250177846398	0.0	0.0032303040859220367	0.3162553218705619	0.0032303040859220367	0.0
mp-1205606_Cr_interpolated_difference	0.0	0.49292841780219204	1.4787191114885108e-05	0.49292841780219204	0.0	0.4929136306110772	1.4787191114885108e-05	0.4929136306110772	0.0
mp-1205683_Cr_interpolated_difference	0.0	0.3712117809599522	1.1077025327964836e-06	0.3712117809599522	0.0	0.3712106732574194	1.1077025327964836e-06	0.3712106732574194	0.0
mp-1205696_Cr_interpolated_difference	0.0	0.35305505279048505	2.3901997326270956e-06	0.35305505279048505	0.0	0.3530526625907524	2.3901997326270956e-06	0.3530526625907524	0.0
mp-1205827_Cr_interpolated_difference	0.0	0.5585585413926406	0.05496249249337808	0.5585585413926406	0.0	0.5035960488992626	0.05496249249337808	0.5035960488992626	0.0
mp-1206130_Cr_interpolated_difference	0.0	0.10626911286588747	5.75195658245693e-06	0.10626911286588747	0.0	0.10626336090930502	5.75195658245693e-06	0.10626336090930502	0.0
mp-1206397_Cr_interpolated_difference	0.0	0.5760050658205271	0.14064273894498758	0.5760050658205271	0.0	0.7166478047655148	0.14064273894498758	0.7166478047655148	0.0
mp-1207417_Cr_interpolated_difference	0.0	0.4382733350581578	0.04672139863476287	0.4382733350581578	0.0	0.3915519364233949	0.04672139863476287	0.3915519364233949	0.0
mp-1207569_Cr_interpolated_difference	0.0	0.3027441179708532	0.07605073201894634	0.3027441179708532	0.0	0.22669338595190686	0.07605073201894634	0.22669338595190686	0.0
mp-1207609_Cr_interpolated_difference	0.0	0.36992851239018404	0.015714143413714663	0.36992851239018404	0.0	0.35421436897646935	0.015714143413714663	0.35421436897646935	0.0
mp-1207733_Cr_interpolated_difference	0.0	0.3657431598226562	0.056591829646239496	0.3657431598226562	0.0	0.4223349894688957	0.056591829646239496	0.4223349894688957	0.0
mp-1207952_Cr_interpolated_difference	0.0	0.6324664259543646	4.097079897661075e-06	0.6324664259543646	0.0	0.6324623288744671	4.097079897661075e-06	0.6324623288744671	0.0
mp-12083_Cr_interpolated_difference	0.0	0.5419339869907267	2.136397165906723e-05	0.5419339869907267	0.0	0.5419126230190676	2.136397165906723e-05	0.5419126230190676	0.0
mp-1208641_Cr_interpolated_difference	0.0	0.371845253335913	0.030147222914592407	0.371845253335913	0.0	0.3416980304213206	0.030147222914592407	0.3416980304213206	0.0
mp-1208686_Cr_interpolated_difference	0.0	0.3839992576787021	0.013476850874659765	0.3839992576787021	0.0	0.3974761085533618	0.013476850874659765	0.3974761085533618	0.0
mp-1208812_Cr_interpolated_difference	0.0	0.3272607077227856	0.042985570447468535	0.3272607077227856	0.0	0.37024627817025413	0.042985570447468535	0.37024627817025413	0.0
mp-1209520_Cr_interpolated_difference	0.0	0.49962759364432313	0.02442648609736602	0.49962759364432313	0.0	0.4752011075469571	0.02442648609736602	0.4752011075469571	0.0
mp-1210195_Cr_interpolated_difference	0.0	0.3592959315566457	0.014142871389126196	0.3592959315566457	0.0	0.3451530601675195	0.014142871389126196	0.3451530601675195	0.0
mp-1211656_Cr_interpolated_difference	0.0	0.3198719284887827	0.02235708046573299	0.3198719284887827	0.0	0.3422290089545157	0.02235708046573299	0.3422290089545157	0.0
mp-1212155_Cr_interpolated_difference	0.0	0.38102202269365826	0.0840200689693136	0.38102202269365826	0.0	0.4650420916629719	0.0840200689693136	0.4650420916629719	0.0
mp-1212226_Cr_interpolated_difference	0.0	0.11708460736536659	2.1329638856442303e-06	0.11708460736536659	0.0	0.11708247440148094	2.1329638856442303e-06	0.11708247440148094	0.0
