Name,0,1,2,3,4,5,6,7,8
mp-1027834_Cr,0.0,4.2009454385439426e-08,0.003954701254948926,4.2009454385439426e-08,0.0,0.003954685548779005,0.003954701254948926,0.003954685548779005,0.0
mp-1027789_Cr,0.0,3.482090631236905e-08,0.0040960076757557105,3.482090631236905e-08,0.0,0.004096012479847758,0.0040960076757557105,0.004096012479847758,0.0
mp-1026816_Cr,0.0,1.1399413890830692e-07,0.0036280585535824047,1.1399413890830692e-07,0.0,0.0036280394249807893,0.0036280585535824047,0.0036280394249807893,0.0
mp-1026821_Cr,0.0,1.0051439886723485e-07,0.005143252640857246,1.0051439886723485e-07,0.0,0.00514333804099859,0.005143252640857246,0.00514333804099859,0.0
mp-1026868_Cr,0.0,6.136151860887647e-08,0.003108102024036132,6.136151860887647e-08,0.0,0.0031081275024786538,0.003108102024036132,0.0031081275024786538,0.0
mp-1025175_Cr,0.0,0.020222414520247475,0.03233668967548472,0.020222414520247475,0.0,0.03280324856254719,0.03233668967548472,0.03280324856254719,0.0
mp-1025181_Cr,0.0,0.01940621330846673,0.03371866759976193,0.01940621330846673,0.0,0.032264827902949614,0.03371866759976193,0.032264827902949614,0.0
mp-1025231_Cr,0.0,0.027441887673591923,0.025478535891945875,0.027441887673591923,0.0,0.039715493439274274,0.025478535891945875,0.039715493439274274,0.0
mp-1025239_Cr,0.0,0.00813593789761454,0.014766041777998827,0.00813593789761454,0.0,0.00790858995733246,0.014766041777998827,0.00790858995733246,0.0
mp-1025266_Cr,0.0,0.026873699223152758,0.024205837262756602,0.026873699223152758,0.0,0.014994591783263223,0.024205837262756602,0.014994591783263223,0.0
mp-1025278_Cr,0.0,0.014815322693675918,0.012535572337102112,0.014815322693675918,0.0,0.01794555054263345,0.012535572337102112,0.01794555054263345,0.0
mp-1025323_Cr,0.0,0.028190336636968905,0.024578977862183216,0.028190336636968905,0.0,0.015192260097424887,0.024578977862183216,0.015192260097424887,0.0
mp-1025345_Cr,0.0,0.016779765990030164,0.008550095586873184,0.016779765990030164,0.0,0.017720433168690913,0.008550095586873184,0.017720433168690913,0.0
mp-1025372_Cr,0.0,0.02809409578628535,0.024524291264360516,0.02809409578628535,0.0,0.01533620550623191,0.024524291264360516,0.01533620550623191,0.0
mp-1025380_Cr,0.0,0.01166862806949574,0.01912999878684021,0.01166862806949574,0.0,0.008375158703817736,0.01912999878684021,0.008375158703817736,0.0
mp-1025503_Cr,0.0,0.017973799229285273,0.01821392316625255,0.017973799229285273,0.0,0.007981564906186588,0.01821392316625255,0.007981564906186588,0.0
mp-1026399_Cr,0.0,5.693995932826033e-08,0.001996975400507278,5.693995932826033e-08,0.0,0.0019969613913340383,0.001996975400507278,0.0019969613913340383,0.0
mp-1026434_Cr,0.0,3.654942201726105e-08,0.003477265806156567,3.654942201726105e-08,0.0,0.0034772533598203177,0.003477265806156567,0.0034772533598203177,0.0
mp-1026470_Cr,0.0,5.222270818544295e-08,0.0028818029812854628,5.222270818544295e-08,0.0,0.002881767564687106,0.0028818029812854628,0.002881767564687106,0.0
mp-1026478_Cr,0.0,6.374443304137782e-08,0.003846791981822774,6.374443304137782e-08,0.0,0.0038467696040141953,0.003846791981822774,0.0038467696040141953,0.0
mp-1026487_Cr,0.0,1.6449804347177823e-07,0.002451420413940418,1.6449804347177823e-07,0.0,0.0024512646649330412,0.002451420413940418,0.0024512646649330412,0.0
mp-1026489_Cr,0.0,6.777971070144198e-08,0.002865261488464561,6.777971070144198e-08,0.0,0.002865255897355017,0.002865261488464561,0.002865255897355017,0.0
mp-1026492_Cr,0.0,5.7798483215188897e-08,0.0013439353661742538,5.7798483215188897e-08,0.0,0.0013439158168360246,0.0013439353661742538,0.0013439158168360246,0.0
mp-1026496_Cr,0.0,8.795693540404422e-08,0.0022988666146596184,8.795693540404422e-08,0.0,0.0022988289765397147,0.0022988666146596184,0.0022988289765397147,0.0
mp-1026497_Cr,0.0,4.4172568450586385e-08,0.0028794756144879313,4.4172568450586385e-08,0.0,0.002879442238068034,0.0028794756144879313,0.002879442238068034,0.0
mp-1026498_Cr,0.0,3.7188432814196994e-08,0.002456272418392175,3.7188432814196994e-08,0.0,0.0024562613047379184,0.002456272418392175,0.0024562613047379184,0.0
mp-1026505_Cr,0.0,1.1836201352616372e-07,0.0009238987757912121,1.1836201352616372e-07,0.0,0.0009238114540629834,0.0009238987757912121,0.0009238114540629834,0.0
mp-1026535_Cr,0.0,7.116405394913034e-08,0.0031186827729880245,7.116405394913034e-08,0.0,0.0031187357271531845,0.0031186827729880245,0.0031187357271531845,0.0
mp-1026546_Cr,0.0,7.648085467232137e-08,0.005920718150719195,7.648085467232137e-08,0.0,0.005920711246945273,0.005920718150719195,0.005920711246945273,0.0
mp-1026587_Cr,0.0,7.168825377320332e-08,0.004734329250695332,7.168825377320332e-08,0.0,0.00473428611177838,0.004734329250695332,0.00473428611177838,0.0
mp-1026604_Cr,0.0,1.1557081594947764e-07,0.005702548479701169,1.1557081594947764e-07,0.0,0.00570261773514243,0.005702548479701169,0.00570261773514243,0.0
mp-1026619_Cr,0.0,7.141559580040464e-08,0.006075202449150017,7.141559580040464e-08,0.0,0.00607523258037883,0.006075202449150017,0.00607523258037883,0.0
mp-1026656_Cr,0.0,1.0870204733849619e-07,0.0042416953685720914,1.0870204733849619e-07,0.0,0.004241600064639153,0.0042416953685720914,0.004241600064639153,0.0
mp-1026694_Cr,0.0,6.83827796714881e-08,0.0011760083096560598,6.83827796714881e-08,0.0,0.001176034813608928,0.0011760083096560598,0.001176034813608928,0.0
mp-1026723_Cr,0.0,6.338428997673737e-08,0.005501977769456912,6.338428997673737e-08,0.0,0.005502015013992038,0.005501977769456912,0.005502015013992038,0.0
mp-1026750_Cr,0.0,7.345722632663751e-08,0.00536979630079786,7.345722632663751e-08,0.0,0.0053698591160178015,0.00536979630079786,0.0053698591160178015,0.0
mp-1006615_Cr,0.0,2.551385985141921e-07,3.318995846008533e-07,2.551385985141921e-07,0.0,3.0697091787327566e-07,3.318995846008533e-07,3.0697091787327566e-07,0.0
mp-1007923_Cr,0.0,0.0003847658458798964,0.003266809004256845,0.0003847658458798964,0.0,0.0028820432242936795,0.003266809004256845,0.0028820432242936795,0.0
mp-1007924_Cr,0.0,1.4422514243349793e-07,3.1551071338853607e-07,1.4422514243349793e-07,0.0,2.2484031843258323e-07,3.1551071338853607e-07,2.2484031843258323e-07,0.0
mp-1007961_Cr,0.0,2.533895512672119e-07,4.103187930251105e-07,2.533895512672119e-07,0.0,1.9823989567970339e-07,4.103187930251105e-07,1.9823989567970339e-07,0.0
mp-1007991_Cr,0.0,2.51389338428998e-07,2.5500459375121603e-07,2.51389338428998e-07,0.0,3.4489356662294893e-07,2.5500459375121603e-07,3.4489356662294893e-07,0.0
mp-1008224_Cr,0.0,1.800491530535302e-07,4.922436977643964e-07,1.800491530535302e-07,0.0,5.57353152898579e-07,4.922436977643964e-07,5.57353152898579e-07,0.0
mp-1008225_Cr,0.0,4.362474719287086e-07,3.783186073755146e-07,4.362474719287086e-07,0.0,1.6040778792387396e-07,3.783186073755146e-07,1.6040778792387396e-07,0.0
mp-1008226_Cr,0.0,4.6495807782721207e-07,5.263435278981031e-07,4.6495807782721207e-07,0.0,2.0461683924271526e-07,5.263435278981031e-07,2.0461683924271526e-07,0.0
mp-1008277_Cr,0.0,5.027429923088149e-07,9.097976074171666e-08,5.027429923088149e-07,0.0,4.467126543396785e-07,9.097976074171666e-08,4.467126543396785e-07,0.0
mp-1009592_Cr,0.0,1.3695684848529017e-07,1.0323383012868618e-07,1.3695684848529017e-07,0.0,1.4854296941075603e-07,1.0323383012868618e-07,1.4854296941075603e-07,0.0
mp-1009593_Cr,0.0,1.8075560151250736e-07,1.76025944216013e-07,1.8075560151250736e-07,0.0,2.414421666983791e-07,1.76025944216013e-07,2.414421666983791e-07,0.0
mp-1010071_Cr,0.0,7.583178219192681e-09,4.54278067250315e-08,7.583178219192681e-09,0.0,4.582384492733852e-08,4.54278067250315e-08,4.582384492733852e-08,0.0
mp-1012879_Cr,0.0,1.5329410210912884e-06,0.03021711529212986,1.5329410210912884e-06,0.0,0.030216769550570798,0.03021711529212986,0.030216769550570798,0.0
mp-1016280_Cr,0.0,0.041171464792433624,0.004385745274528119,0.041171464792433624,0.0,0.042118559537864066,0.004385745274528119,0.042118559537864066,0.0
mp-1016326_Cr,0.0,1.2372468174851252e-07,0.0020274497456891777,1.2372468174851252e-07,0.0,0.0020273371991224765,0.0020274497456891777,0.0020273371991224765,0.0
mp-1016560_Cr,0.0,0.05801346163443465,0.00736338533976314,0.05801346163443465,0.0,0.057782393798088194,0.00736338533976314,0.057782393798088194,0.0
mp-1016595_Cr,0.0,0.08234865494084771,0.002136862849201599,0.08234865494084771,0.0,0.08353949159713595,0.002136862849201599,0.08353949159713595,0.0
mp-1016603_Cr,0.0,0.010200572855629038,0.00552306823135981,0.010200572855629038,0.0,0.005473625633159122,0.00552306823135981,0.005473625633159122,0.0
mp-1016614_Cr,0.0,0.07945587045825134,0.06513594527783712,0.07945587045825134,0.0,0.014587537249332604,0.06513594527783712,0.014587537249332604,0.0
mp-1016616_Cr,0.0,0.04353464695778588,0.0010494081828390266,0.04353464695778588,0.0,0.04307094475892815,0.0010494081828390266,0.04307094475892815,0.0
mp-1016617_Cr,0.0,0.08865741079286127,0.0019514848930297084,0.08865741079286127,0.0,0.08966231127999424,0.0019514848930297084,0.08966231127999424,0.0
mp-1016620_Cr,0.0,0.03977586614225131,0.0016974023855009903,0.03977586614225131,0.0,0.03903821235335249,0.0016974023855009903,0.03903821235335249,0.0
mp-1016621_Cr,0.0,0.028454856421322772,0.004983228837944057,0.028454856421322772,0.0,0.025497683300017192,0.004983228837944057,0.025497683300017192,0.0
mp-1016626_Cr,0.0,0.05095160901906615,0.03687380790463353,0.05095160901906615,0.0,0.014141390298393038,0.03687380790463353,0.014141390298393038,0.0
mp-1016636_Cr,0.0,0.020258216542754327,0.014069457078145699,0.020258216542754327,0.0,0.008063987551940687,0.014069457078145699,0.008063987551940687,0.0
mp-1016677_Cr,0.0,0.1048646501128666,0.07527373458207089,0.1048646501128666,0.0,0.04511959906995329,0.07527373458207089,0.04511959906995329,0.0
mp-1017080_Cr,0.0,0.013064657887200945,0.018840903583511023,0.013064657887200945,0.0,0.029128273211872675,0.018840903583511023,0.029128273211872675,0.0
mp-1017183_Cr,0.0,0.042005819015124936,0.0042313099240480065,0.042005819015124936,0.0,0.038851785979404564,0.0042313099240480065,0.038851785979404564,0.0
mp-1017317_Cr,0.0,0.010205776758634976,0.003918925074340773,0.010205776758634976,0.0,0.007335427967410446,0.003918925074340773,0.007335427967410446,0.0
mp-1017354_Cr,0.0,0.03124539334701783,0.003066454108826028,0.03124539334701783,0.0,0.0295035080462412,0.003066454108826028,0.0295035080462412,0.0
mp-1017453_Cr,0.0,0.05581400328863253,0.03383687244644499,0.05581400328863253,0.0,0.02286681220849152,0.03383687244644499,0.02286681220849152,0.0
mp-1017481_Cr,0.0,0.08166557832161662,0.003583894417210517,0.08166557832161662,0.0,0.08324490063906449,0.003583894417210517,0.08324490063906449,0.0
mp-1018050_Cr,0.0,5.608836555555647e-07,0.04908870068352776,5.608836555555647e-07,0.0,0.04908856897092576,0.04908870068352776,0.04908856897092576,0.0
mp-1018066_Cr,0.0,0.003682200365008699,0.01842513018584016,0.003682200365008699,0.0,0.014742929821172281,0.01842513018584016,0.014742929821172281,0.0
mp-1018068_Cr,0.0,2.873095462932059e-07,2.670318860797996e-07,2.873095462932059e-07,0.0,4.25112959788684e-07,2.670318860797996e-07,4.25112959788684e-07,0.0
mp-1018079_Cr,0.0,9.700183079077462e-08,0.02893076342719224,9.700183079077462e-08,0.0,0.0289307545675725,0.02893076342719224,0.0289307545675725,0.0
mp-1018080_Cr,0.0,3.2306014580860886e-07,2.9934285617417667e-07,3.2306014580860886e-07,0.0,1.0847173357854603e-07,2.9934285617417667e-07,1.0847173357854603e-07,0.0
mp-1018081_Cr,0.0,9.169796196651357e-08,6.076696108234473e-08,9.169796196651357e-08,0.0,6.765739966282582e-08,6.076696108234473e-08,6.765739966282582e-08,0.0
mp-1018082_Cr,0.0,1.3714869355855232e-07,6.646298679153469e-07,1.3714869355855232e-07,0.0,6.621823089775417e-07,6.646298679153469e-07,6.621823089775417e-07,0.0
mp-1018083_Cr,0.0,1.4358141088678113e-07,0.007973365450373377,1.4358141088678113e-07,0.0,0.007973355715138315,0.007973365450373377,0.007973355715138315,0.0
mp-1018084_Cr,0.0,0.0007335861101070771,0.0137787869412822,0.0007335861101070771,0.0,0.014512373034381833,0.0137787869412822,0.014512373034381833,0.0
mp-1018161_Cr,0.0,1.8843789238171846e-07,3.2054652178374834e-07,1.8843789238171846e-07,0.0,4.870584398272644e-07,3.2054652178374834e-07,4.870584398272644e-07,0.0
mp-1021275_Cr,0.0,0.012348625906924631,0.00673823215593263,0.012348625906924631,0.0,0.006677496193573642,0.00673823215593263,0.006677496193573642,0.0
mp-1021301_Cr,0.0,0.014242040692707326,0.0040137681743016755,0.014242040692707326,0.0,0.013047413500351995,0.0040137681743016755,0.013047413500351995,0.0
mp-1021349_Cr,0.0,0.0498219732962388,0.03590207753281892,0.0498219732962388,0.0,0.01405903884648404,0.03590207753281892,0.01405903884648404,0.0
mp-1021379_Cr,0.0,0.021662001138950324,0.013872360166724742,0.021662001138950324,0.0,0.009773248515941002,0.013872360166724742,0.009773248515941002,0.0
mp-1021690_Cr,0.0,0.03204178926527795,0.017315141548801805,0.03204178926527795,0.0,0.015264629156359672,0.017315141548801805,0.015264629156359672,0.0
mp-1021878_Cr,0.0,0.031242831339950032,0.0030782113269002495,0.031242831339950032,0.0,0.03259528727151179,0.0030782113269002495,0.03259528727151179,0.0
mp-1022048_Cr,0.0,0.03901569636840302,0.002824323905350727,0.03901569636840302,0.0,0.04093173559925865,0.002824323905350727,0.04093173559925865,0.0
mp-1022064_Cr,0.0,0.019721839881389574,0.002569978496171541,0.019721839881389574,0.0,0.01939864818129854,0.002569978496171541,0.01939864818129854,0.0
mp-1022205_Cr,0.0,0.043693950366866595,0.0024861086177862327,0.043693950366866595,0.0,0.04556327652293645,0.0024861086177862327,0.04556327652293645,0.0
mp-1022460_Cr,0.0,0.0768291147748942,0.0023761806726720377,0.0768291147748942,0.0,0.07841379130049511,0.0023761806726720377,0.07841379130049511,0.0
mp-1022591_Cr,0.0,0.019830149862347286,0.002563042752515557,0.019830149862347286,0.0,0.018575128245995477,0.002563042752515557,0.018575128245995477,0.0
mp-1022627_Cr,0.0,0.06330303240553546,0.0032823833812545373,0.06330303240553546,0.0,0.06526766693225886,0.0032823833812545373,0.06526766693225886,0.0
mp-1022934_Cr,0.0,0.02916601884316586,0.01559147501272273,0.02916601884316586,0.0,0.014202021565351317,0.01559147501272273,0.014202021565351317,0.0
mp-1023158_Cr,0.0,0.02693095816438804,0.015781048083098943,0.02693095816438804,0.0,0.01144814104915489,0.015781048083098943,0.01144814104915489,0.0
mp-1023280_Cr,0.0,0.01659868674006242,0.0020163716598835843,0.01659868674006242,0.0,0.015954452796936268,0.0020163716598835843,0.015954452796936268,0.0
mp-1023490_Cr,0.0,1.0754779009786423e-07,0.002416982861452958,1.0754779009786423e-07,0.0,0.0024170821080159934,0.002416982861452958,0.0024170821080159934,0.0
mp-1024044_Cr,0.0,2.0712519789034772e-07,6.481459325533065e-07,2.0712519789034772e-07,0.0,6.265761171445302e-07,6.481459325533065e-07,6.265761171445302e-07,0.0
mp-10247_Cr,0.0,0.10936523629414717,0.07222528307924493,0.10936523629414717,0.0,0.04338136329333939,0.07222528307924493,0.04338136329333939,0.0
mp-1024999_Cr,0.0,0.11089866382105172,0.020229017111362612,0.11089866382105172,0.0,0.11025164971784457,0.020229017111362612,0.11025164971784457,0.0
mp-1028001_Cr,0.0,8.045383058846793e-08,0.0015259846734546748,8.045383058846793e-08,0.0,0.0015260477343488617,0.0015259846734546748,0.0015260477343488617,0.0
mp-1028015_Cr,0.0,5.736988630443988e-08,0.003946029066535158,5.736988630443988e-08,0.0,0.003946053248556092,0.003946029066535158,0.003946053248556092,0.0
mp-1028055_Cr,0.0,6.112328464502366e-08,0.0030611088702157184,6.112328464502366e-08,0.0,0.003061073966623316,0.0030611088702157184,0.003061073966623316,0.0
mp-1028109_Cr,0.0,2.0251113924453103e-07,0.003775877243514509,2.0251113924453103e-07,0.0,0.0037757677890764233,0.003775877243514509,0.0037757677890764233,0.0
mp-1028240_Cr,0.0,6.714940705197418e-08,0.0011240420727646272,6.714940705197418e-08,0.0,0.0011240116301717486,0.0011240420727646272,0.0011240116301717486,0.0
mp-1028297_Cr,0.0,1.8330551853476373e-07,0.002959072434514451,1.8330551853476373e-07,0.0,0.0029589056204817592,0.002959072434514451,0.0029589056204817592,0.0
mp-1028345_Cr,0.0,6.5608419146432e-08,0.002603887223400177,6.5608419146432e-08,0.0,0.0026039204381470625,0.002603887223400177,0.0026039204381470625,0.0
mp-1028407_Cr,0.0,1.2950866178837095e-07,0.0031653673770222286,1.2950866178837095e-07,0.0,0.003165256758089758,0.0031653673770222286,0.003165256758089758,0.0
mp-1029395_Cr,0.0,0.0011661635059510623,0.006538281002108639,0.0011661635059510623,0.0,0.005372117541275925,0.006538281002108639,0.005372117541275925,0.0
mp-1029407_Cr,0.0,0.0001490818477973681,0.031623881616593255,0.0001490818477973681,0.0,0.03157614204113488,0.031623881616593255,0.03157614204113488,0.0
mp-1029458_Cr,0.0,0.009602393776914438,0.020456831208407515,0.009602393776914438,0.0,0.011686850096714623,0.020456831208407515,0.011686850096714623,0.0
mp-1029498_Cr,0.0,2.421642982447552e-07,0.03836654100006682,2.421642982447552e-07,0.0,0.03836654638972722,0.03836654100006682,0.03836654638972722,0.0
mp-1029520_Cr,0.0,0.01710910070669849,0.04609879083131352,0.01710910070669849,0.0,0.030646493239623908,0.04609879083131352,0.030646493239623908,0.0
mp-1029568_Cr,0.0,0.02641352695013515,0.013481200062589226,0.02641352695013515,0.0,0.021771609630158027,0.013481200062589226,0.021771609630158027,0.0
mp-1029770_Cr,0.0,0.015481541362836969,0.014745032202784416,0.015481541362836969,0.0,0.022211847637342734,0.014745032202784416,0.022211847637342734,0.0
mp-1029838_Cr,0.0,0.01792743317585637,0.03223671013776931,0.01792743317585637,0.0,0.021052647575371373,0.03223671013776931,0.021052647575371373,0.0
mp-1029843_Cr,0.0,0.0240719946974916,0.02080258720187938,0.0240719946974916,0.0,0.022461651654678012,0.02080258720187938,0.022461651654678012,0.0
mp-1029923_Cr,0.0,0.02966655204512758,0.016799859707334185,0.02966655204512758,0.0,0.027480883960780814,0.016799859707334185,0.027480883960780814,0.0
mp-1030819_Cr,0.0,0.03721111894810052,0.03721108383230812,0.03721111894810052,0.0,4.843770973628185e-07,0.03721108383230812,4.843770973628185e-07,0.0
mp-1030893_Cr,0.0,0.04192111880910962,0.04192111324835725,0.04192111880910962,0.0,4.773195790751506e-07,0.04192111324835725,4.773195790751506e-07,0.0
mp-1031027_Cr,0.0,0.03418792846614402,0.03418794799203832,0.03418792846614402,0.0,5.510400085269751e-07,0.03418794799203832,5.510400085269751e-07,0.0
mp-1031245_Cr,0.0,0.04200397254830327,0.042003961683294316,0.04200397254830327,0.0,6.377647845904954e-07,0.042003961683294316,6.377647845904954e-07,0.0
mp-1031430_Cr,0.0,0.044868371744529234,0.04486837866353133,0.044868371744529234,0.0,4.855532202771749e-07,0.04486837866353133,4.855532202771749e-07,0.0
mp-1031541_Cr,0.0,0.06391158337031858,0.06391160625952896,0.06391158337031858,0.0,6.403742816665537e-07,0.06391160625952896,6.403742816665537e-07,0.0
mp-1031588_Cr,0.0,0.02713527177491976,0.027135291485906956,0.02713527177491976,0.0,5.871196713185395e-07,0.027135291485906956,5.871196713185395e-07,0.0
mp-1031616_Cr,0.0,0.02344150598546515,0.02344153400856402,0.02344150598546515,0.0,4.6661920481505105e-07,0.02344153400856402,4.6661920481505105e-07,0.0
mp-1031928_Cr,0.0,0.039827359707210165,0.03982736438230092,0.039827359707210165,0.0,5.401588857569412e-07,0.03982736438230092,5.401588857569412e-07,0.0
mp-1031936_Cr,0.0,0.05963247084793994,0.05963251121275032,0.05963247084793994,0.0,4.810570621647435e-07,0.05963251121275032,4.810570621647435e-07,0.0
mp-1032010_Cr,0.0,0.024502011891821513,0.02450202220927086,0.024502011891821513,0.0,5.025990606122664e-07,0.02450202220927086,5.025990606122664e-07,0.0
mp-1032130_Cr,0.0,0.027062530094376463,0.027062526124138127,0.027062530094376463,0.0,4.846934992394126e-07,0.027062526124138127,4.846934992394126e-07,0.0
mp-1032331_Cr,0.0,0.02078886649408675,0.02078884489113391,0.02078886649408675,0.0,4.757458498924425e-07,0.02078884489113391,4.757458498924425e-07,0.0
mp-1032533_Cr,0.0,0.029948458178386823,0.029948673677469097,0.029948458178386823,0.0,7.516814497899516e-07,0.029948673677469097,7.516814497899516e-07,0.0
mp-1032686_Cr,0.0,0.03377246158049109,0.033772499452950196,0.03377246158049109,0.0,5.74607689856296e-07,0.033772499452950196,5.74607689856296e-07,0.0
mp-10328_Cr,0.0,0.0220722269922533,0.02737951449694622,0.0220722269922533,0.0,0.01704381560971108,0.02737951449694622,0.01704381560971108,0.0
mp-1033120_Cr,0.0,0.05897725861490428,0.05897723604873733,0.05897725861490428,0.0,5.827583302897401e-07,0.05897723604873733,5.827583302897401e-07,0.0
mp-1033299_Cr,0.0,0.03951434340470361,0.03951426451445336,0.03951434340470361,0.0,4.3346083431817387e-07,0.03951426451445336,4.3346083431817387e-07,0.0
mp-1033328_Cr,0.0,0.04841037759876667,0.04841038437526323,0.04841037759876667,0.0,5.425408748440187e-07,0.04841038437526323,5.425408748440187e-07,0.0
mp-1033371_Cr,0.0,0.024651068239611926,0.02465100848735598,0.024651068239611926,0.0,5.47979001866286e-07,0.02465100848735598,5.47979001866286e-07,0.0
mp-1033378_Cr,0.0,0.048341479691517995,0.04834147887671604,0.048341479691517995,0.0,3.3960128221511973e-07,0.04834147887671604,3.3960128221511973e-07,0.0
mp-1033387_Cr,0.0,0.04517365408327897,0.04517363834441644,0.04517365408327897,0.0,5.838607656003236e-07,0.04517363834441644,5.838607656003236e-07,0.0
mp-1033407_Cr,0.0,0.054708710315111236,0.05470871929946943,0.054708710315111236,0.0,6.89401320547032e-07,0.05470871929946943,6.89401320547032e-07,0.0
mp-1033461_Cr,0.0,0.04348715651521782,0.04348716341127613,0.04348715651521782,0.0,5.098770175283853e-07,0.04348716341127613,5.098770175283853e-07,0.0
mp-1033472_Cr,0.0,0.03761711655897545,0.037617103845744904,0.03761711655897545,0.0,6.617082828767243e-07,0.037617103845744904,6.617082828767243e-07,0.0
mp-1033614_Cr,0.0,0.041070111579557055,0.041070078343617006,0.041070111579557055,0.0,5.967565301335143e-07,0.041070078343617006,5.967565301335143e-07,0.0
mp-1033791_Cr,0.0,9.304385271146979e-08,0.009035559236963614,9.304385271146979e-08,0.0,0.009035570178416804,0.009035559236963614,0.009035570178416804,0.0
mp-1033839_Cr,0.0,8.873968155341526e-08,0.037182912150360875,8.873968155341526e-08,0.0,0.03718291469705722,0.037182912150360875,0.03718291469705722,0.0
mp-1033847_Cr,0.0,9.374313309268796e-08,0.020333833347944138,9.374313309268796e-08,0.0,0.020333831726042872,0.020333833347944138,0.020333831726042872,0.0
mp-1033868_Cr,0.0,7.211074416959352e-08,0.004470037058029059,7.211074416959352e-08,0.0,0.0044700416516218556,0.004470037058029059,0.0044700416516218556,0.0
mp-1033888_Cr,0.0,9.914240267595223e-08,0.01085448252941276,9.914240267595223e-08,0.0,0.010854484162534537,0.01085448252941276,0.010854484162534537,0.0
mp-1033949_Cr,0.0,2.1088414526971175e-06,0.011704639711426183,2.1088414526971175e-06,0.0,0.011702548020403995,0.011704639711426183,0.011702548020403995,0.0
mp-1034067_Cr,0.0,1.0172703919679608e-07,0.029708601615020598,1.0172703919679608e-07,0.0,0.02970859951331136,0.029708601615020598,0.02970859951331136,0.0
mp-1034199_Cr,0.0,1.5963507860212494e-07,0.027348816806772813,1.5963507860212494e-07,0.0,0.02734881341869784,0.027348816806772813,0.02734881341869784,0.0
mp-1034353_Cr,0.0,9.627429325302528e-08,0.017175899443906757,9.627429325302528e-08,0.0,0.017175898184184062,0.017175899443906757,0.017175898184184062,0.0
mp-1034435_Cr,0.0,2.446985279435899e-07,0.02872590864784946,2.446985279435899e-07,0.0,0.028725906068957283,0.02872590864784946,0.028725906068957283,0.0
mp-1034467_Cr,0.0,7.077966669039445e-08,0.0037684629722719042,7.077966669039445e-08,0.0,0.0037684678167798622,0.0037684629722719042,0.0037684678167798622,0.0
mp-1034524_Cr,0.0,1.276913842568328e-07,0.01774996506488476,1.276913842568328e-07,0.0,0.017749951161601482,0.01774996506488476,0.017749951161601482,0.0
mp-1034594_Cr,0.0,1.5035412734829802e-07,0.024234143014112735,1.5035412734829802e-07,0.0,0.024234164332735533,0.024234143014112735,0.024234164332735533,0.0
mp-1034739_Cr,0.0,1.2993628297688847e-07,0.011515181787993095,1.2993628297688847e-07,0.0,0.01151517077156864,0.011515181787993095,0.01151517077156864,0.0
mp-1034815_Cr,0.0,1.2404651104100134e-07,0.022339123310067842,1.2404651104100134e-07,0.0,0.02233911711189318,0.022339123310067842,0.02233911711189318,0.0
mp-1035006_Cr,0.0,1.3879575763882705e-07,0.015712885363900968,1.3879575763882705e-07,0.0,0.01571289171897579,0.015712885363900968,0.01571289171897579,0.0
mp-1035311_Cr,0.0,1.0473189292366777e-07,0.014702095369555858,1.0473189292366777e-07,0.0,0.014702104371720275,0.014702095369555858,0.014702104371720275,0.0
mp-1035434_Cr,0.0,1.3557406243114097e-07,0.01839046513909636,1.3557406243114097e-07,0.0,0.01839047655569305,0.01839046513909636,0.01839047655569305,0.0
mp-1035597_Cr,0.0,9.932330376987694e-08,0.00984229324261038,9.932330376987694e-08,0.0,0.009842292927117344,0.00984229324261038,0.009842292927117344,0.0
mp-1035772_Cr,0.0,2.0313569506264844e-07,0.01281445698550577,2.0313569506264844e-07,0.0,0.012814437368020232,0.01281445698550577,0.012814437368020232,0.0
mp-1035863_Cr,0.0,1.5278530431914192e-07,0.028149225148833928,1.5278530431914192e-07,0.0,0.028149234963949134,0.028149225148833928,0.028149234963949134,0.0
mp-1035956_Cr,0.0,1.157242059934244e-07,0.02773078263229379,1.157242059934244e-07,0.0,0.02773077008948196,0.02773078263229379,0.02773077008948196,0.0
mp-1036101_Cr,0.0,1.58208438625424e-07,0.02382731803770173,1.58208438625424e-07,0.0,0.02382731489040912,0.02382731803770173,0.02382731489040912,0.0
mp-1036428_Cr,0.0,1.3124807172636194e-07,0.018322445799265744,1.3124807172636194e-07,0.0,0.01832245452506632,0.018322445799265744,0.01832245452506632,0.0
mp-1036585_Cr,0.0,1.6203643184707348e-07,0.03730537844855521,1.6203643184707348e-07,0.0,0.03730537604664442,0.03730537844855521,0.03730537604664442,0.0
mp-1036772_Cr,0.0,1.0184164888319093e-07,0.029820016464731626,1.0184164888319093e-07,0.0,0.029820030716178867,0.029820016464731626,0.029820030716178867,0.0
mp-1036879_Cr,0.0,1.5459712751576104e-07,0.017851541372651537,1.5459712751576104e-07,0.0,0.017851537028249168,0.017851541372651537,0.017851537028249168,0.0
mp-1036952_Cr,0.0,9.489954598235149e-08,0.003940136441562562,9.489954598235149e-08,0.0,0.003940113018393682,0.003940136441562562,0.003940113018393682,0.0
mp-10371_Cr,0.0,3.0268912474675776e-07,0.04267027158987489,3.0268912474675776e-07,0.0,0.04267024172224676,0.04267027158987489,0.04267024172224676,0.0
mp-1037254_Cr,0.0,1.5237706720208016e-07,0.045004807510560484,1.5237706720208016e-07,0.0,0.045004800761896786,0.045004807510560484,0.045004800761896786,0.0
mp-1037287_Cr,0.0,1.7696888490253206e-07,0.024594707680485665,1.7696888490253206e-07,0.0,0.02459471538498391,0.024594707680485665,0.02459471538498391,0.0
mp-10373_Cr,0.0,0.13542529990853466,1.685846707002871e-07,0.13542529990853466,0.0,0.13542530338798497,1.685846707002871e-07,0.13542530338798497,0.0
mp-10374_Cr,0.0,0.12281110686554712,8.539587766133563e-05,0.12281110686554712,0.0,0.12280156692479456,8.539587766133563e-05,0.12280156692479456,0.0
mp-1037502_Cr,0.0,2.016112599036013e-07,0.02808323167778417,2.016112599036013e-07,0.0,0.028083247628521737,0.02808323167778417,0.028083247628521737,0.0
mp-1037531_Cr,0.0,1.4892560196622835e-07,0.026036495138180352,1.4892560196622835e-07,0.0,0.026036494658569078,0.026036495138180352,0.026036494658569078,0.0
mp-10376_Cr,0.0,0.12718795688126988,1.8858064501790323e-07,0.12718795688126988,0.0,0.12718796110051556,1.8858064501790323e-07,0.12718796110051556,0.0
mp-1037844_Cr,0.0,2.1099222247060068e-07,0.03873733586543456,2.1099222247060068e-07,0.0,0.03873733308549525,0.03873733586543456,0.03873733308549525,0.0
mp-1037925_Cr,0.0,1.4647970671166532e-07,0.049746233307748494,1.4647970671166532e-07,0.0,0.04974623866450335,0.049746233307748494,0.04974623866450335,0.0
mp-1038042_Cr,0.0,1.404719451962262e-07,0.003858734626135205,1.404719451962262e-07,0.0,0.003858728316527772,0.003858734626135205,0.003858728316527772,0.0
mp-1038513_Cr,0.0,1.8663652924884366e-07,0.054855851198406566,1.8663652924884366e-07,0.0,0.05485583421682306,0.054855851198406566,0.05485583421682306,0.0
mp-1038546_Cr,0.0,1.2495231891193093e-07,0.0778691634870057,1.2495231891193093e-07,0.0,0.07786916650474437,0.0778691634870057,0.07786916650474437,0.0
mp-1038567_Cr,0.0,1.0668820461569635e-07,0.029481608785898786,1.0668820461569635e-07,0.0,0.02948163109268887,0.029481608785898786,0.02948163109268887,0.0
mp-1038594_Cr,0.0,9.567638343004398e-08,0.032507477011356645,9.567638343004398e-08,0.0,0.03250749354875137,0.032507477011356645,0.03250749354875137,0.0
mp-1038595_Cr,0.0,1.110027442474232e-07,0.06194099389157519,1.110027442474232e-07,0.0,0.061940982115666045,0.06194099389157519,0.061940982115666045,0.0
mp-1038596_Cr,0.0,1.319511889120083e-07,0.007866100795165552,1.319511889120083e-07,0.0,0.00786610308719209,0.007866100795165552,0.00786610308719209,0.0
mp-1038690_Cr,0.0,1.0600596221602548e-07,0.08928064652786147,1.0600596221602548e-07,0.0,0.08928065158904212,0.08928064652786147,0.08928065158904212,0.0
mp-1038723_Cr,0.0,1.2335940882940628e-07,0.0684094088100427,1.2335940882940628e-07,0.0,0.0684094185785306,0.0684094088100427,0.0684094185785306,0.0
mp-10394_Cr,0.0,4.588259924888144e-07,0.04315040551903405,4.588259924888144e-07,0.0,0.04315010025219201,0.04315040551903405,0.04315010025219201,0.0
mp-1039633_Cr,0.0,8.629225131539315e-08,0.014923986696726446,8.629225131539315e-08,0.0,0.014923986808587399,0.014923986696726446,0.014923986808587399,0.0
mp-1039661_Cr,0.0,1.5170002399836853e-07,0.05818378620731424,1.5170002399836853e-07,0.0,0.058183791672768596,0.05818378620731424,0.058183791672768596,0.0
mp-1039764_Cr,0.0,9.026905926962859e-08,0.004864716338664662,9.026905926962859e-08,0.0,0.004864717545678773,0.004864716338664662,0.004864717545678773,0.0
mp-1039875_Cr,0.0,1.881537785149268e-07,0.04832308864617765,1.881537785149268e-07,0.0,0.04832309414276359,0.04832308864617765,0.04832309414276359,0.0
mp-1040079_Cr,0.0,1.5153616843620515e-07,0.013981946528508359,1.5153616843620515e-07,0.0,0.01398195647927307,0.013981946528508359,0.01398195647927307,0.0
mp-1040241_Cr,0.0,1.0086712042198238e-07,0.009529965482596194,1.0086712042198238e-07,0.0,0.00952995155525881,0.009529965482596194,0.00952995155525881,0.0
mp-1040801_Cr,0.0,0.0011141483214674225,0.0011316122281540492,0.0011141483214674225,0.0,0.0013392809233674834,0.0011316122281540492,0.0013392809233674834,0.0
mp-1040803_Cr,0.0,0.05996697085190742,0.04846661256671779,0.05996697085190742,0.0,0.0473977888045085,0.04846661256671779,0.0473977888045085,0.0
mp-1040806_Cr,0.0,0.01393480453048448,0.059648257900971814,0.01393480453048448,0.0,0.05646273031990318,0.059648257900971814,0.05646273031990318,0.0
mp-1040816_Cr,0.0,0.006141349052315704,0.011130603866249766,0.006141349052315704,0.0,0.0051893008294110945,0.011130603866249766,0.0051893008294110945,0.0
mp-1040818_Cr,0.0,0.019674641163266088,0.009335937551961231,0.019674641163266088,0.0,0.01776818861151343,0.009335937551961231,0.01776818861151343,0.0
mp-1040819_Cr,0.0,0.0012045893026984501,0.0011101830332571076,0.0012045893026984501,0.0,0.0009791221362005836,0.0011101830332571076,0.0009791221362005836,0.0
mp-1040826_Cr,0.0,0.010646917363749387,0.011295575078391362,0.010646917363749387,0.0,0.009605825578258106,0.011295575078391362,0.009605825578258106,0.0
mp-1040828_Cr,0.0,0.011308623421064937,0.020488734761414287,0.011308623421064937,0.0,0.013150603446790966,0.020488734761414287,0.013150603446790966,0.0
mp-1040835_Cr,0.0,0.0005698550743842378,0.0008651217996089231,0.0005698550743842378,0.0,0.0009345160963395918,0.0008651217996089231,0.0009345160963395918,0.0
mp-1040836_Cr,0.0,0.014159853780865686,0.009437818247074172,0.014159853780865686,0.0,0.019941122349799247,0.009437818247074172,0.019941122349799247,0.0
mp-1040852_Cr,0.0,0.006068067039073693,0.007251997081834538,0.006068067039073693,0.0,0.003475416932620936,0.007251997081834538,0.003475416932620936,0.0
mp-1040853_Cr,0.0,0.00403705710646933,0.007715844039706747,0.00403705710646933,0.0,0.004304645432684445,0.007715844039706747,0.004304645432684445,0.0
mp-1040863_Cr,0.0,0.028086082404738495,0.016358565802438038,0.028086082404738495,0.0,0.016455746567135655,0.016358565802438038,0.016455746567135655,0.0
mp-1040880_Cr,0.0,0.008534344258659697,0.007535906376288113,0.008534344258659697,0.0,0.010089283311592749,0.007535906376288113,0.010089283311592749,0.0
mp-1040903_Cr,0.0,0.006615177312072017,0.01184788272606984,0.006615177312072017,0.0,0.005401765896480973,0.01184788272606984,0.005401765896480973,0.0
mp-1041076_Cr,0.0,0.00473314665105645,0.008870552110236086,0.00473314665105645,0.0,0.011111994812494036,0.008870552110236086,0.011111994812494036,0.0
mp-1041120_Cr,0.0,0.003593740348844303,0.011018200213719721,0.003593740348844303,0.0,0.010574517200376506,0.011018200213719721,0.010574517200376506,0.0
mp-1041195_Cr,0.0,0.004568751280577176,0.007536048568394099,0.004568751280577176,0.0,0.009633182385553997,0.007536048568394099,0.009633182385553997,0.0
mp-1041225_Cr,0.0,0.011102092988417325,0.0092650695260426,0.011102092988417325,0.0,0.011978590584643142,0.0092650695260426,0.011978590584643142,0.0
mp-1041288_Cr,0.0,1.5425709766069836e-06,0.04082765442908605,1.5425709766069836e-06,0.0,0.0408284685967516,0.04082765442908605,0.0408284685967516,0.0
mp-1041374_Cr,0.0,0.0529673297496339,0.055623141097735355,0.0529673297496339,0.0,0.007855338533975674,0.055623141097735355,0.007855338533975674,0.0
mp-1041381_Cr,0.0,0.013208424200602049,0.04695350708015711,0.013208424200602049,0.0,0.04493706954718022,0.04695350708015711,0.04493706954718022,0.0
mp-1041443_Cr,0.0,0.02025577104680942,0.09093760510140894,0.02025577104680942,0.0,0.08788680497760881,0.09093760510140894,0.08788680497760881,0.0
mp-1041451_Cr,0.0,0.013607402938750499,0.07025690334318636,0.013607402938750499,0.0,0.06813894322166161,0.07025690334318636,0.06813894322166161,0.0
mp-1041693_Cr,0.0,0.018559937241994864,0.03252720814160616,0.018559937241994864,0.0,0.03256259201190816,0.03252720814160616,0.03256259201190816,0.0
mp-1041713_Cr,0.0,0.022536149114944795,0.01840756423817672,0.022536149114944795,0.0,0.0302178695402885,0.01840756423817672,0.0302178695402885,0.0
mp-1042475_Cr,0.0,7.014050393025914e-06,0.03087518217261875,7.014050393025914e-06,0.0,0.030872024567928123,0.03087518217261875,0.030872024567928123,0.0
mp-1042497_Cr,0.0,3.125483853928575e-07,0.035932978310670494,3.125483853928575e-07,0.0,0.03593296042948561,0.035932978310670494,0.03593296042948561,0.0
mp-1042757_Cr,0.0,0.007100914911705071,0.00940039334996323,0.007100914911705071,0.0,0.010974158166186436,0.00940039334996323,0.010974158166186436,0.0
mp-1042764_Cr,0.0,0.021331227887052294,0.020262771292454913,0.021331227887052294,0.0,0.012399164298344041,0.020262771292454913,0.012399164298344041,0.0
mp-1042772_Cr,0.0,0.021032631292669392,0.02455399328413055,0.021032631292669392,0.0,0.01240571329853602,0.02455399328413055,0.01240571329853602,0.0
mp-1042787_Cr,0.0,0.01908114996871176,0.02587631477193991,0.01908114996871176,0.0,0.011009448203366757,0.02587631477193991,0.011009448203366757,0.0
mp-1043136_Cr,0.0,0.007721651033444862,0.0019305798955608897,0.007721651033444862,0.0,0.009652230870098985,0.0019305798955608897,0.009652230870098985,0.0
mp-1043192_Cr,0.0,0.02890127423582024,0.015133981589224863,0.02890127423582024,0.0,0.039126186884985696,0.015133981589224863,0.039126186884985696,0.0
mp-1043482_Cr,0.0,0.03824310085090593,0.03350883754294003,0.03824310085090593,0.0,0.030952185305587066,0.03350883754294003,0.030952185305587066,0.0
mp-1043526_Cr,0.0,2.5443562764059663e-07,0.09127318585945993,2.5443562764059663e-07,0.0,0.09127318882602088,0.09127318585945993,0.09127318882602088,0.0
mp-1043538_Cr,0.0,2.0969982115275688e-07,0.08423157166701888,2.0969982115275688e-07,0.0,0.08423158429072228,0.08423157166701888,0.08423158429072228,0.0
mp-1043895_Cr,0.0,0.007647524185162254,0.009230133397052788,0.007647524185162254,0.0,0.01300740912102644,0.009230133397052788,0.01300740912102644,0.0
mp-1043896_Cr,0.0,0.00883458844223643,0.005123888390683097,0.00883458844223643,0.0,0.010521594803807202,0.005123888390683097,0.010521594803807202,0.0
mp-1044021_Cr,0.0,0.0063920380102828215,0.00492507094524165,0.0063920380102828215,0.0,0.00776636717159845,0.00492507094524165,0.00776636717159845,0.0
mp-1044071_Cr,0.0,0.04571784921472038,0.03199963517186006,0.04571784921472038,0.0,0.03281111107232777,0.03199963517186006,0.03281111107232777,0.0
mp-1044104_Cr,0.0,0.03276329276415614,0.029411744289681633,0.03276329276415614,0.0,0.020007851478473122,0.029411744289681633,0.020007851478473122,0.0
mp-1044166_Cr,0.0,0.0115693542201166,0.014015335027601127,0.0115693542201166,0.0,0.006777514487735554,0.014015335027601127,0.006777514487735554,0.0
mp-1044207_Cr,0.0,0.01227996027879244,0.014367973230969205,0.01227996027879244,0.0,0.005670800890743256,0.014367973230969205,0.005670800890743256,0.0
mp-1044221_Cr,0.0,0.015050288870153881,0.009739196286241642,0.015050288870153881,0.0,0.0175040855203905,0.009739196286241642,0.0175040855203905,0.0
mp-1044241_Cr,0.0,0.029273326205121585,0.08028555496282698,0.029273326205121585,0.0,0.09923126291908065,0.08028555496282698,0.09923126291908065,0.0
mp-1044283_Cr,0.0,4.4801984359936636e-07,0.021333402329742103,4.4801984359936636e-07,0.0,0.021333466888537544,0.021333402329742103,0.021333466888537544,0.0
mp-1044303_Cr,0.0,0.002555382890118815,0.009999896619315184,0.002555382890118815,0.0,0.012555279412057977,0.009999896619315184,0.012555279412057977,0.0
mp-1044311_Cr,0.0,0.0025916649335672903,0.01019197491539933,0.0025916649335672903,0.0,0.012783639744115399,0.01019197491539933,0.012783639744115399,0.0
mp-1044314_Cr,0.0,0.0021988194521401047,0.009461663017148587,0.0021988194521401047,0.0,0.011660482297285195,0.009461663017148587,0.011660482297285195,0.0
mp-1044358_Cr,0.0,0.014529870660698536,0.025005816464155187,0.014529870660698536,0.0,0.01604602896175067,0.025005816464155187,0.01604602896175067,0.0
mp-1044382_Cr,0.0,0.002333713564826661,0.009840925375430212,0.002333713564826661,0.0,0.01217463877418975,0.009840925375430212,0.01217463877418975,0.0
mp-1044468_Cr,0.0,5.448009294795401e-07,0.020211585155021396,5.448009294795401e-07,0.0,0.020211682156568107,0.020211585155021396,0.020211682156568107,0.0
mp-1044490_Cr,0.0,4.731267388543982e-07,0.025102147040340132,4.731267388543982e-07,0.0,0.025102119691592827,0.025102147040340132,0.025102119691592827,0.0
mp-1044528_Cr,0.0,0.01477003418047754,0.007508194812672104,0.01477003418047754,0.0,0.017315033361674812,0.007508194812672104,0.017315033361674812,0.0
mp-1044723_Cr,0.0,0.006484502427911598,0.003997639473159953,0.006484502427911598,0.0,0.005851262678803928,0.003997639473159953,0.005851262678803928,0.0
mp-1044753_Cr,0.0,0.007749401703507354,0.01623555458109007,0.007749401703507354,0.0,0.011416236232515854,0.01623555458109007,0.011416236232515854,0.0
mp-1044883_Cr,0.0,0.007821225315907218,0.00954322194700642,0.007821225315907218,0.0,0.007443950608594077,0.00954322194700642,0.007443950608594077,0.0
mp-1044888_Cr,0.0,0.00929274224979873,0.006147195790018888,0.00929274224979873,0.0,0.010935737079048598,0.006147195790018888,0.010935737079048598,0.0
mp-1044923_Cr,0.0,0.00938674150238198,0.011245781793459218,0.00938674150238198,0.0,0.010636904491744793,0.011245781793459218,0.010636904491744793,0.0
mp-1044928_Cr,0.0,0.010594648223004498,0.01086788045200332,0.010594648223004498,0.0,0.01306235512626009,0.01086788045200332,0.01306235512626009,0.0
mp-1044931_Cr,0.0,0.009886759757738846,0.009107862662720956,0.009886759757738846,0.0,0.009584304917724069,0.009107862662720956,0.009584304917724069,0.0
mp-1044947_Cr,0.0,0.009390869528223931,0.005904114540645651,0.009390869528223931,0.0,0.00840640816615703,0.005904114540645651,0.00840640816615703,0.0
mp-1044950_Cr,0.0,0.00788509806710674,0.00584745707968058,0.00788509806710674,0.0,0.0068404668669165315,0.00584745707968058,0.0068404668669165315,0.0
mp-1045011_Cr,0.0,0.0037491694548751012,0.043920695872290694,0.0037491694548751012,0.0,0.04419658158539728,0.043920695872290694,0.04419658158539728,0.0
